# train_loss,val_loss,train_acc,val_acc
1.927225589752197266e+00,1.918276786804199219e+00,2.229166775941848755e-01,1.822916716337203979e-01
1.903511881828308105e+00,1.891567230224609375e+00,2.166666835546493530e-01,2.031250000000000000e-01
1.879763722419738770e+00,1.872239589691162109e+00,2.187500149011611938e-01,1.718750000000000000e-01
1.858207464218139648e+00,1.860626578330993652e+00,2.125000059604644775e-01,2.031250000000000000e-01
1.841260790824890137e+00,1.842575788497924805e+00,2.291666716337203979e-01,1.979166716337203979e-01
1.831384062767028809e+00,1.848254203796386719e+00,2.208333462476730347e-01,1.979166716337203979e-01
1.827589035034179688e+00,1.849437475204467773e+00,2.312500178813934326e-01,1.979166716337203979e-01
1.826552510261535645e+00,1.841538667678833008e+00,2.437500059604644775e-01,2.083333432674407959e-01
1.825952291488647461e+00,1.829215764999389648e+00,2.375000119209289551e-01,2.604166865348815918e-01
1.823519706726074219e+00,1.818091154098510742e+00,2.687500119209289551e-01,2.239583432674407959e-01
1.823045969009399414e+00,1.825559020042419434e+00,2.541666924953460693e-01,2.343750000000000000e-01
1.823894619941711426e+00,1.846313357353210449e+00,2.395833432674407959e-01,2.135416716337203979e-01
1.820991873741149902e+00,1.841046333312988281e+00,2.750000059604644775e-01,2.083333432674407959e-01
1.819503426551818848e+00,1.842204928398132324e+00,2.875000238418579102e-01,2.604166865348815918e-01
1.822347998619079590e+00,1.839717626571655273e+00,2.583333551883697510e-01,2.239583432674407959e-01
1.819925427436828613e+00,1.833680987358093262e+00,2.750000059604644775e-01,2.760416865348815918e-01
1.818297028541564941e+00,1.851541042327880859e+00,2.770833373069763184e-01,2.708333432674407959e-01
1.818436384201049805e+00,1.836336016654968262e+00,2.645833492279052734e-01,2.916666865348815918e-01
1.819226622581481934e+00,1.824419021606445312e+00,2.833333611488342285e-01,2.760416865348815918e-01
1.817724704742431641e+00,1.846676588058471680e+00,2.875000238418579102e-01,2.343750000000000000e-01
1.817523717880249023e+00,1.826111555099487305e+00,2.583333551883697510e-01,3.020833432674407959e-01
1.816071748733520508e+00,1.836334109306335449e+00,2.708333432674407959e-01,3.281250000000000000e-01
1.815517306327819824e+00,1.835704207420349121e+00,2.604166865348815918e-01,2.760416865348815918e-01
1.816257238388061523e+00,1.823700308799743652e+00,2.666666805744171143e-01,2.760416865348815918e-01
1.813748002052307129e+00,1.824761748313903809e+00,2.895833551883697510e-01,2.656250000000000000e-01
1.812850117683410645e+00,1.845971822738647461e+00,2.791666686534881592e-01,2.864583432674407959e-01
1.811628699302673340e+00,1.838041067123413086e+00,2.937500178813934326e-01,3.020833432674407959e-01
1.810651779174804688e+00,1.827697038650512695e+00,3.125000298023223877e-01,2.708333432674407959e-01
1.810729861259460449e+00,1.828085660934448242e+00,2.729166746139526367e-01,2.500000000000000000e-01
1.811390519142150879e+00,1.824673175811767578e+00,2.812500000000000000e-01,2.916666865348815918e-01
1.810930490493774414e+00,1.829799413681030273e+00,2.729166746139526367e-01,3.072916865348815918e-01
1.807175040245056152e+00,1.819699168205261230e+00,3.062500059604644775e-01,2.760416865348815918e-01
1.807304382324218750e+00,1.829481601715087891e+00,2.916666865348815918e-01,3.020833432674407959e-01
1.803976297378540039e+00,1.836001276969909668e+00,3.000000119209289551e-01,2.760416865348815918e-01
1.804556846618652344e+00,1.829534530639648438e+00,3.125000298023223877e-01,3.020833432674407959e-01
1.804170250892639160e+00,1.832829236984252930e+00,3.250000178813934326e-01,2.812500000000000000e-01
1.800996541976928711e+00,1.823797941207885742e+00,2.875000238418579102e-01,3.072916865348815918e-01
1.797359108924865723e+00,1.806842207908630371e+00,3.062500059604644775e-01,3.645833432674407959e-01
1.797582030296325684e+00,1.823963403701782227e+00,3.291666805744171143e-01,3.072916865348815918e-01
1.798033356666564941e+00,1.818539142608642578e+00,3.125000298023223877e-01,3.177083432674407959e-01
1.794929504394531250e+00,1.796315550804138184e+00,3.229166865348815918e-01,3.281250000000000000e-01
1.792391180992126465e+00,1.792079448699951172e+00,3.166666924953460693e-01,3.593750000000000000e-01
1.791145801544189453e+00,1.813558101654052734e+00,3.187500238418579102e-01,3.125000000000000000e-01
1.787686109542846680e+00,1.802011489868164062e+00,3.250000178813934326e-01,3.125000000000000000e-01
1.785552024841308594e+00,1.792220592498779297e+00,3.375000059604644775e-01,3.385416865348815918e-01
1.783700823783874512e+00,1.789578437805175781e+00,3.354166746139526367e-01,3.229166865348815918e-01
1.779942035675048828e+00,1.793962478637695312e+00,3.562500178813934326e-01,2.864583432674407959e-01
1.778905630111694336e+00,1.816923975944519043e+00,3.354166746139526367e-01,2.291666716337203979e-01
1.778211593627929688e+00,1.789838552474975586e+00,3.166666924953460693e-01,3.072916865348815918e-01
1.774824738502502441e+00,1.781149625778198242e+00,3.375000059604644775e-01,3.020833432674407959e-01
1.772047638893127441e+00,1.780584096908569336e+00,3.333333432674407959e-01,3.229166865348815918e-01
1.766270160675048828e+00,1.763936042785644531e+00,3.354166746139526367e-01,3.281250000000000000e-01
1.760648369789123535e+00,1.780485510826110840e+00,3.583333492279052734e-01,3.385416865348815918e-01
1.755585312843322754e+00,1.775320053100585938e+00,3.500000238418579102e-01,3.072916865348815918e-01
1.750823378562927246e+00,1.750112771987915039e+00,3.583333492279052734e-01,3.489583432674407959e-01
1.753856301307678223e+00,1.743953108787536621e+00,3.500000238418579102e-01,3.437500000000000000e-01
1.743103504180908203e+00,1.759679675102233887e+00,3.541666865348815918e-01,2.968750000000000000e-01
1.738764882087707520e+00,1.745521903038024902e+00,3.666666746139526367e-01,3.645833432674407959e-01
1.720451951026916504e+00,1.726237535476684570e+00,3.875000178813934326e-01,3.385416865348815918e-01
1.721805334091186523e+00,1.730119943618774414e+00,3.625000119209289551e-01,3.593750000000000000e-01
1.721552968025207520e+00,1.727028727531433105e+00,3.687500059604644775e-01,3.541666865348815918e-01
1.710068583488464355e+00,1.717018485069274902e+00,3.895833492279052734e-01,3.333333432674407959e-01
1.698603749275207520e+00,1.711329936981201172e+00,3.708333671092987061e-01,3.541666865348815918e-01
1.688583374023437500e+00,1.712271928787231445e+00,3.979166746139526367e-01,3.750000000000000000e-01
1.684561848640441895e+00,1.677816390991210938e+00,3.770833611488342285e-01,3.593750000000000000e-01
1.662292957305908203e+00,1.667174100875854492e+00,3.979166746139526367e-01,3.645833432674407959e-01
1.660538315773010254e+00,1.666559457778930664e+00,3.666666746139526367e-01,3.645833432674407959e-01
1.651489377021789551e+00,1.692988872528076172e+00,3.854166865348815918e-01,3.281250000000000000e-01
1.652297496795654297e+00,1.645028471946716309e+00,3.729166984558105469e-01,3.697916865348815918e-01
1.618639349937438965e+00,1.643004179000854492e+00,4.166666865348815918e-01,3.541666865348815918e-01
1.614240884780883789e+00,1.644596457481384277e+00,4.000000357627868652e-01,3.958333432674407959e-01
1.586562156677246094e+00,1.613161325454711914e+00,4.166666865348815918e-01,3.750000000000000000e-01
1.592457771301269531e+00,1.624027252197265625e+00,4.083333611488342285e-01,3.906250000000000000e-01
1.567583799362182617e+00,1.628549575805664062e+00,3.937500119209289551e-01,3.593750000000000000e-01
1.565724253654479980e+00,1.581737518310546875e+00,4.041666984558105469e-01,3.697916865348815918e-01
1.559223294258117676e+00,1.589982748031616211e+00,4.375000298023223877e-01,3.802083432674407959e-01
1.573172092437744141e+00,1.601199865341186523e+00,4.145833551883697510e-01,3.750000000000000000e-01
1.514225840568542480e+00,1.535420179367065430e+00,4.479166865348815918e-01,4.270833432674407959e-01
1.540995121002197266e+00,1.538311362266540527e+00,4.354166984558105469e-01,3.958333432674407959e-01
1.527457118034362793e+00,1.522550582885742188e+00,4.333333671092987061e-01,4.062500000000000000e-01
1.521891951560974121e+00,1.666938781738281250e+00,4.291666746139526367e-01,3.697916865348815918e-01
1.505261778831481934e+00,1.556589841842651367e+00,4.500000178813934326e-01,4.010416865348815918e-01
1.471671938896179199e+00,1.474998474121093750e+00,4.729166924953460693e-01,4.479166865348815918e-01
1.458456516265869141e+00,1.569354057312011719e+00,4.750000238418579102e-01,3.802083432674407959e-01
1.462465286254882812e+00,1.467452883720397949e+00,4.729166924953460693e-01,4.583333432674407959e-01
1.433760762214660645e+00,1.457590937614440918e+00,4.666666984558105469e-01,4.635416865348815918e-01
1.431564331054687500e+00,1.418033599853515625e+00,4.770833551883697510e-01,4.635416865348815918e-01
1.456673979759216309e+00,1.388668537139892578e+00,4.750000238418579102e-01,4.739583432674407959e-01
1.394003152847290039e+00,1.404188632965087891e+00,4.979166984558105469e-01,4.635416865348815918e-01
1.412522435188293457e+00,1.353879332542419434e+00,4.812500178813934326e-01,4.947916865348815918e-01
1.399696826934814453e+00,1.420957922935485840e+00,5.145833492279052734e-01,4.479166865348815918e-01
1.393711209297180176e+00,1.354484438896179199e+00,4.770833551883697510e-01,4.843750000000000000e-01
1.325212836265563965e+00,1.496968269348144531e+00,5.291666984558105469e-01,4.114583432674407959e-01
1.320948600769042969e+00,1.304430484771728516e+00,5.312500000000000000e-01,5.052083730697631836e-01
1.341635227203369141e+00,1.475325465202331543e+00,5.208333730697631836e-01,3.958333432674407959e-01
1.346614241600036621e+00,1.315121531486511230e+00,5.166667103767395020e-01,4.947916865348815918e-01
1.415302991867065430e+00,1.284932494163513184e+00,4.916667044162750244e-01,5.416666865348815918e-01
1.356008768081665039e+00,1.283473491668701172e+00,4.937500357627868652e-01,5.000000000000000000e-01
1.257643461227416992e+00,1.421358942985534668e+00,5.604166984558105469e-01,4.635416865348815918e-01
1.301398396492004395e+00,1.257027029991149902e+00,5.500000119209289551e-01,5.000000000000000000e-01
1.293474674224853516e+00,1.256345033645629883e+00,5.229166746139526367e-01,5.208333730697631836e-01
1.313094258308410645e+00,1.311232328414916992e+00,5.145833492279052734e-01,4.947916865348815918e-01
1.352157950401306152e+00,1.723130226135253906e+00,5.062500238418579102e-01,3.854166865348815918e-01
1.311953067779541016e+00,1.174828767776489258e+00,5.166667103767395020e-01,5.677083730697631836e-01
1.254173755645751953e+00,1.200222253799438477e+00,5.416666865348815918e-01,5.260416865348815918e-01
1.230557799339294434e+00,1.144420623779296875e+00,5.583333373069763184e-01,5.312500000000000000e-01
1.232846617698669434e+00,1.238152503967285156e+00,5.687500238418579102e-01,4.843750000000000000e-01
1.232311010360717773e+00,1.162783145904541016e+00,5.520833730697631836e-01,5.416666865348815918e-01
1.214145302772521973e+00,1.213677406311035156e+00,5.458333492279052734e-01,5.260416865348815918e-01
1.185962915420532227e+00,1.119620800018310547e+00,5.895833373069763184e-01,5.885416865348815918e-01
1.189279198646545410e+00,1.393094420433044434e+00,5.708333849906921387e-01,4.843750000000000000e-01
1.201957583427429199e+00,1.101077079772949219e+00,5.458333492279052734e-01,5.468750000000000000e-01
1.211146950721740723e+00,1.075585842132568359e+00,5.500000119209289551e-01,5.625000000000000000e-01
1.196093082427978516e+00,1.307191491127014160e+00,5.520833730697631836e-01,5.104166865348815918e-01
1.201790332794189453e+00,1.430252790451049805e+00,5.687500238418579102e-01,4.739583432674407959e-01
1.119131088256835938e+00,1.682801604270935059e+00,5.854166746139526367e-01,4.270833432674407959e-01
1.223545908927917480e+00,1.044471859931945801e+00,5.541666746139526367e-01,5.989583730697631836e-01
1.182546854019165039e+00,1.065326571464538574e+00,5.708333849906921387e-01,5.937500000000000000e-01
1.124361634254455566e+00,1.066549181938171387e+00,5.937500596046447754e-01,5.885416865348815918e-01
1.180221915245056152e+00,1.035476684570312500e+00,5.729166865348815918e-01,5.989583730697631836e-01
1.112084627151489258e+00,1.037562370300292969e+00,5.958333611488342285e-01,5.989583730697631836e-01
1.128130316734313965e+00,1.018928647041320801e+00,5.666667222976684570e-01,6.093750000000000000e-01
1.175851106643676758e+00,9.981954097747802734e-01,5.541666746139526367e-01,6.041666865348815918e-01
1.091583847999572754e+00,1.065840482711791992e+00,5.958333611488342285e-01,5.729166865348815918e-01
1.079374551773071289e+00,1.086456298828125000e+00,6.083333492279052734e-01,6.041666865348815918e-01
1.096817255020141602e+00,9.916087388992309570e-01,5.937500596046447754e-01,6.302083730697631836e-01
1.124406099319458008e+00,1.002840161323547363e+00,5.687500238418579102e-01,6.041666865348815918e-01
1.077908158302307129e+00,1.163419604301452637e+00,6.229166984558105469e-01,5.677083730697631836e-01
1.120189070701599121e+00,1.037859678268432617e+00,6.000000238418579102e-01,6.041666865348815918e-01
1.117888808250427246e+00,9.617075324058532715e-01,6.062500476837158203e-01,5.989583730697631836e-01
1.063004732131958008e+00,9.677250385284423828e-01,6.187500357627868652e-01,6.093750000000000000e-01
1.110531926155090332e+00,9.605234861373901367e-01,5.812500119209289551e-01,6.197916865348815918e-01
1.046035885810852051e+00,1.382235407829284668e+00,6.166666746139526367e-01,5.000000000000000000e-01
1.042181253433227539e+00,1.003230333328247070e+00,6.187500357627868652e-01,6.145833730697631836e-01
1.051930308341979980e+00,9.053815603256225586e-01,6.187500357627868652e-01,6.458333730697631836e-01
1.035237550735473633e+00,9.033653736114501953e-01,5.854166746139526367e-01,6.562500000000000000e-01
1.134983897209167480e+00,1.276308655738830566e+00,5.895833373069763184e-01,5.156250000000000000e-01
1.011663198471069336e+00,9.571895599365234375e-01,6.187500357627868652e-01,6.041666865348815918e-01
1.030833721160888672e+00,9.984706640243530273e-01,6.250000596046447754e-01,6.145833730697631836e-01
1.126871943473815918e+00,1.004627823829650879e+00,5.895833373069763184e-01,5.885416865348815918e-01
