# train_loss,val_loss,train_acc,val_acc
1.933082699775695801e+00,1.903825163841247559e+00,1.604166775941848755e-01,1.770833432674407959e-01
1.880664706230163574e+00,1.877679586410522461e+00,1.937500089406967163e-01,3.072916865348815918e-01
1.864482998847961426e+00,1.848486661911010742e+00,2.312500178813934326e-01,3.020833432674407959e-01
1.850566148757934570e+00,1.853584051132202148e+00,2.104166746139526367e-01,2.552083432674407959e-01
1.857341766357421875e+00,1.835417509078979492e+00,2.250000089406967163e-01,4.114583432674407959e-01
1.859539389610290527e+00,1.844502687454223633e+00,2.208333462476730347e-01,2.500000000000000000e-01
1.840797185897827148e+00,1.849254608154296875e+00,2.291666716337203979e-01,3.906250000000000000e-01
1.833281278610229492e+00,1.839900493621826172e+00,2.458333522081375122e-01,3.229166865348815918e-01
1.834436297416687012e+00,1.850038766860961914e+00,2.020833492279052734e-01,2.708333432674407959e-01
1.843865275382995605e+00,1.834584951400756836e+00,2.291666716337203979e-01,2.968750000000000000e-01
1.825628399848937988e+00,1.834677100181579590e+00,2.520833611488342285e-01,3.958333432674407959e-01
1.823340773582458496e+00,1.819549322128295898e+00,2.416666746139526367e-01,3.854166865348815918e-01
1.817871332168579102e+00,1.838284492492675781e+00,2.541666924953460693e-01,3.958333432674407959e-01
1.805205941200256348e+00,1.808399677276611328e+00,2.791666686534881592e-01,4.218750000000000000e-01
1.821063399314880371e+00,1.826991558074951172e+00,2.687500119209289551e-01,3.802083432674407959e-01
1.813385605812072754e+00,1.831320762634277344e+00,2.645833492279052734e-01,3.697916865348815918e-01
1.814535021781921387e+00,1.820928454399108887e+00,2.458333522081375122e-01,3.645833432674407959e-01
1.793393135070800781e+00,1.788532257080078125e+00,2.895833551883697510e-01,4.010416865348815918e-01
1.805875062942504883e+00,1.813339471817016602e+00,3.125000298023223877e-01,4.010416865348815918e-01
1.776101708412170410e+00,1.790308475494384766e+00,3.041666746139526367e-01,4.322916865348815918e-01
1.790842652320861816e+00,1.801606893539428711e+00,3.166666924953460693e-01,3.958333432674407959e-01
1.776227355003356934e+00,1.755630850791931152e+00,3.604166805744171143e-01,4.322916865348815918e-01
1.748208522796630859e+00,1.753879427909851074e+00,3.583333492279052734e-01,4.687500000000000000e-01
1.763152360916137695e+00,1.753658056259155273e+00,3.479166924953460693e-01,4.427083432674407959e-01
1.704113721847534180e+00,1.728752970695495605e+00,4.020833671092987061e-01,4.635416865348815918e-01
1.685101151466369629e+00,1.627017974853515625e+00,4.166666865348815918e-01,4.895833432674407959e-01
1.646796584129333496e+00,1.624001026153564453e+00,4.312500357627868652e-01,5.312500000000000000e-01
1.629792094230651855e+00,1.546183586120605469e+00,4.250000119209289551e-01,5.260416865348815918e-01
1.543002247810363770e+00,1.424003362655639648e+00,4.333333671092987061e-01,5.625000000000000000e-01
1.495962977409362793e+00,1.381865024566650391e+00,4.750000238418579102e-01,5.156250000000000000e-01
1.451598644256591797e+00,1.403640031814575195e+00,4.729166924953460693e-01,5.833333730697631836e-01
1.417915701866149902e+00,1.314157247543334961e+00,4.833333492279052734e-01,5.468750000000000000e-01
1.358962535858154297e+00,1.302729487419128418e+00,5.145833492279052734e-01,5.572916865348815918e-01
1.318451762199401855e+00,1.203327178955078125e+00,5.312500000000000000e-01,6.354166865348815918e-01
1.296579122543334961e+00,1.119732856750488281e+00,5.187500119209289551e-01,6.093750000000000000e-01
1.237779498100280762e+00,1.093073248863220215e+00,5.354167222976684570e-01,5.885416865348815918e-01
1.218439340591430664e+00,1.065690040588378906e+00,5.500000119209289551e-01,6.302083730697631836e-01
1.181668043136596680e+00,1.038347959518432617e+00,5.645833611488342285e-01,6.197916865348815918e-01
1.176333069801330566e+00,1.128605842590332031e+00,5.583333373069763184e-01,6.614583730697631836e-01
1.114195227622985840e+00,1.006202220916748047e+00,5.645833611488342285e-01,6.458333730697631836e-01
1.134816527366638184e+00,1.082424998283386230e+00,5.895833373069763184e-01,6.562500000000000000e-01
1.106088995933532715e+00,9.872576594352722168e-01,5.625000000000000000e-01,7.031250000000000000e-01
1.046514272689819336e+00,9.466241598129272461e-01,6.125000119209289551e-01,6.927083730697631836e-01
1.081446170806884766e+00,9.097242355346679688e-01,6.083333492279052734e-01,6.822916865348815918e-01
1.024266958236694336e+00,9.174999594688415527e-01,6.166666746139526367e-01,6.979166865348815918e-01
1.043528079986572266e+00,8.827682733535766602e-01,6.104167103767395020e-01,7.395833730697631836e-01
1.002569437026977539e+00,9.756355285644531250e-01,6.354166865348815918e-01,7.083333730697631836e-01
1.018799901008605957e+00,8.839403390884399414e-01,6.125000119209289551e-01,7.291666865348815918e-01
9.572786092758178711e-01,8.357224464416503906e-01,6.416667103767395020e-01,7.500000000000000000e-01
9.894737601280212402e-01,8.163256645202636719e-01,6.270833611488342285e-01,7.343750000000000000e-01
9.400272965431213379e-01,8.378999233245849609e-01,6.375000476837158203e-01,7.343750000000000000e-01
9.223886132240295410e-01,7.939242124557495117e-01,6.604167222976684570e-01,7.343750000000000000e-01
9.491080641746520996e-01,8.182579874992370605e-01,6.333333849906921387e-01,6.875000000000000000e-01
8.871909379959106445e-01,7.772738933563232422e-01,6.583333611488342285e-01,7.447916865348815918e-01
8.980251550674438477e-01,7.331477999687194824e-01,6.666666865348815918e-01,7.656250000000000000e-01
8.705719709396362305e-01,7.354254126548767090e-01,6.791666746139526367e-01,7.500000000000000000e-01
8.210191726684570312e-01,8.006970286369323730e-01,6.770833730697631836e-01,7.500000000000000000e-01
8.943477869033813477e-01,7.344023585319519043e-01,6.687500476837158203e-01,7.604166865348815918e-01
8.528493046760559082e-01,6.847552061080932617e-01,6.833333969116210938e-01,8.177083730697631836e-01
8.506698608398437500e-01,6.903807520866394043e-01,6.854166984558105469e-01,8.125000000000000000e-01
8.307474851608276367e-01,6.934649944305419922e-01,7.041667103767395020e-01,7.812500000000000000e-01
7.665926218032836914e-01,6.822737455368041992e-01,7.250000238418579102e-01,7.760416865348815918e-01
7.376974225044250488e-01,6.303352117538452148e-01,7.500000596046447754e-01,7.656250000000000000e-01
7.454292178153991699e-01,6.105877161026000977e-01,7.041667103767395020e-01,7.708333730697631836e-01
7.984361648559570312e-01,6.176753044128417969e-01,6.854166984558105469e-01,8.229166865348815918e-01
6.902794241905212402e-01,5.911366343498229980e-01,7.479166984558105469e-01,8.229166865348815918e-01
7.577725648880004883e-01,6.147663593292236328e-01,7.187500596046447754e-01,8.385416865348815918e-01
6.865362524986267090e-01,6.205191016197204590e-01,7.312500476837158203e-01,8.593750000000000000e-01
7.084776759147644043e-01,5.675188899040222168e-01,7.395833730697631836e-01,8.541666865348815918e-01
6.934052705764770508e-01,5.609762072563171387e-01,7.666667103767395020e-01,8.437500000000000000e-01
7.037582993507385254e-01,5.863991975784301758e-01,7.416667342185974121e-01,7.968750000000000000e-01
7.002893090248107910e-01,5.419702529907226562e-01,7.479166984558105469e-01,8.541666865348815918e-01
6.069751381874084473e-01,5.061302185058593750e-01,7.750000357627868652e-01,8.697916865348815918e-01
6.476412415504455566e-01,5.860657095909118652e-01,7.583333849906921387e-01,8.541666865348815918e-01
6.597162485122680664e-01,5.289386510848999023e-01,7.520833611488342285e-01,8.333333730697631836e-01
6.007168292999267578e-01,4.517665505409240723e-01,7.645833492279052734e-01,8.645833730697631836e-01
6.333251595497131348e-01,4.993309974670410156e-01,7.708333730697631836e-01,8.958333730697631836e-01
5.612221956253051758e-01,4.411792159080505371e-01,7.895833849906921387e-01,8.541666865348815918e-01
6.026508212089538574e-01,4.502633810043334961e-01,7.854167222976684570e-01,8.802083730697631836e-01
5.395321249961853027e-01,4.403558671474456787e-01,8.166667222976684570e-01,8.750000000000000000e-01
5.705266594886779785e-01,4.725042581558227539e-01,7.895833849906921387e-01,8.645833730697631836e-01
5.336829423904418945e-01,4.138774871826171875e-01,7.895833849906921387e-01,8.906250000000000000e-01
5.450816154479980469e-01,3.961328864097595215e-01,7.895833849906921387e-01,9.114583730697631836e-01
5.530919432640075684e-01,3.724260926246643066e-01,7.937500476837158203e-01,9.062500000000000000e-01
6.155712604522705078e-01,4.130004346370697021e-01,7.770833969116210938e-01,9.114583730697631836e-01
5.041376948356628418e-01,3.820791244506835938e-01,8.125000596046447754e-01,9.375000000000000000e-01
5.165579915046691895e-01,3.923476636409759521e-01,8.104166984558105469e-01,9.114583730697631836e-01
4.797700941562652588e-01,3.421486020088195801e-01,8.270833492279052734e-01,9.322916865348815918e-01
4.837884306907653809e-01,3.276752233505249023e-01,8.187500238418579102e-01,9.427083730697631836e-01
4.875403940677642822e-01,3.613520264625549316e-01,8.145833611488342285e-01,9.010416865348815918e-01
4.942255318164825439e-01,3.342334032058715820e-01,8.291667103767395020e-01,9.114583730697631836e-01
4.993844032287597656e-01,3.179455399513244629e-01,8.041667342185974121e-01,9.218750000000000000e-01
4.847752451896667480e-01,4.174858033657073975e-01,8.229166865348815918e-01,9.010416865348815918e-01
4.260980784893035889e-01,2.971504926681518555e-01,8.687500357627868652e-01,9.166666865348815918e-01
4.538688659667968750e-01,3.268807828426361084e-01,8.416666984558105469e-01,9.114583730697631836e-01
4.678514301776885986e-01,3.006148934364318848e-01,8.187500238418579102e-01,9.270833730697631836e-01
4.616633057594299316e-01,3.439312875270843506e-01,8.312500715255737305e-01,9.010416865348815918e-01
3.914750218391418457e-01,2.773741483688354492e-01,8.687500357627868652e-01,9.427083730697631836e-01
4.330759644508361816e-01,2.913473844528198242e-01,8.479167222976684570e-01,9.166666865348815918e-01
3.790899515151977539e-01,2.877295911312103271e-01,8.791667222976684570e-01,9.218750000000000000e-01
4.307706952095031738e-01,2.489722669124603271e-01,8.333333730697631836e-01,9.583333730697631836e-01
4.076751172542572021e-01,2.609827220439910889e-01,8.520833849906921387e-01,9.375000000000000000e-01
3.924157619476318359e-01,2.855120003223419189e-01,8.625000715255737305e-01,9.322916865348815918e-01
3.397870063781738281e-01,2.605717480182647705e-01,8.729166984558105469e-01,9.166666865348815918e-01
3.628289997577667236e-01,2.566225528717041016e-01,8.583333492279052734e-01,9.322916865348815918e-01
3.846000730991363525e-01,2.599181234836578369e-01,8.666667342185974121e-01,9.322916865348815918e-01
3.502638339996337891e-01,2.238769531250000000e-01,8.791667222976684570e-01,9.531250000000000000e-01
3.517881929874420166e-01,2.982615828514099121e-01,8.750000596046447754e-01,8.958333730697631836e-01
3.851666152477264404e-01,2.335542142391204834e-01,8.645833730697631836e-01,9.322916865348815918e-01
3.000187575817108154e-01,2.311164736747741699e-01,9.062500596046447754e-01,9.479166865348815918e-01
3.815048336982727051e-01,2.376965135335922241e-01,8.812500238418579102e-01,9.531250000000000000e-01
3.738459050655364990e-01,2.485787570476531982e-01,8.770833611488342285e-01,9.531250000000000000e-01
3.548603951930999756e-01,2.578768134117126465e-01,8.625000715255737305e-01,9.375000000000000000e-01
4.183140695095062256e-01,2.404421418905258179e-01,8.562500476837158203e-01,9.687500000000000000e-01
3.547132313251495361e-01,2.204795181751251221e-01,8.708333969116210938e-01,9.635416865348815918e-01
2.788255214691162109e-01,1.963267326354980469e-01,8.958333730697631836e-01,9.635416865348815918e-01
3.120825886726379395e-01,1.927108466625213623e-01,8.812500238418579102e-01,9.635416865348815918e-01
3.054384589195251465e-01,2.032239884138107300e-01,8.937500715255737305e-01,9.479166865348815918e-01
3.314236104488372803e-01,2.065329551696777344e-01,8.812500238418579102e-01,9.531250000000000000e-01
3.252229094505310059e-01,2.250087708234786987e-01,9.020833969116210938e-01,9.427083730697631836e-01
2.838952541351318359e-01,1.962568014860153198e-01,9.020833969116210938e-01,9.583333730697631836e-01
3.367769718170166016e-01,2.154714316129684448e-01,8.708333969116210938e-01,9.322916865348815918e-01
3.148125410079956055e-01,2.189453095197677612e-01,9.020833969116210938e-01,9.531250000000000000e-01
3.032988905906677246e-01,2.679764628410339355e-01,8.979167342185974121e-01,9.375000000000000000e-01
2.653032541275024414e-01,1.788712739944458008e-01,9.125000238418579102e-01,9.583333730697631836e-01
2.727887630462646484e-01,1.701054275035858154e-01,8.958333730697631836e-01,9.739583730697631836e-01
2.555715441703796387e-01,2.033085823059082031e-01,9.083333611488342285e-01,9.427083730697631836e-01
3.116502165794372559e-01,1.897251456975936890e-01,8.812500238418579102e-01,9.687500000000000000e-01
2.568147778511047363e-01,1.748805046081542969e-01,9.000000357627868652e-01,9.791666865348815918e-01
2.541618943214416504e-01,1.962662637233734131e-01,9.104167222976684570e-01,9.635416865348815918e-01
3.472190797328948975e-01,1.918308734893798828e-01,8.791667222976684570e-01,9.479166865348815918e-01
2.693461775779724121e-01,1.579235047101974487e-01,9.145833849906921387e-01,9.583333730697631836e-01
2.798616588115692139e-01,1.719804108142852783e-01,9.041666984558105469e-01,9.687500000000000000e-01
2.136490643024444580e-01,1.638039350509643555e-01,9.291667342185974121e-01,9.531250000000000000e-01
2.833645343780517578e-01,1.686538159847259521e-01,8.916667103767395020e-01,9.687500000000000000e-01
2.538594007492065430e-01,1.496649980545043945e-01,9.125000238418579102e-01,9.739583730697631836e-01
2.504815459251403809e-01,1.898654401302337646e-01,9.104167222976684570e-01,9.375000000000000000e-01
2.383740842342376709e-01,1.399676203727722168e-01,9.083333611488342285e-01,9.583333730697631836e-01
2.848230898380279541e-01,1.526491045951843262e-01,9.020833969116210938e-01,9.687500000000000000e-01
2.350539714097976685e-01,1.419992446899414062e-01,9.229167103767395020e-01,9.687500000000000000e-01
