# train_loss,val_loss,train_acc,val_acc
1.876863837242126465e+00,1.847717523574829102e+00,1.937500089406967163e-01,2.031250000000000000e-01
1.841767549514770508e+00,1.845070719718933105e+00,2.083333432674407959e-01,1.979166716337203979e-01
1.849372625350952148e+00,1.835337638854980469e+00,2.166666835546493530e-01,2.552083432674407959e-01
1.838158726692199707e+00,1.832412481307983398e+00,2.187500149011611938e-01,2.031250000000000000e-01
1.824578285217285156e+00,1.839570879936218262e+00,2.208333462476730347e-01,1.927083432674407959e-01
1.831427693367004395e+00,1.815214872360229492e+00,2.333333492279052734e-01,2.500000000000000000e-01
1.821826696395874023e+00,1.821985602378845215e+00,2.250000089406967163e-01,2.395833432674407959e-01
1.819738149642944336e+00,1.867296099662780762e+00,2.062500119209289551e-01,2.500000000000000000e-01
1.845523834228515625e+00,1.858863592147827148e+00,2.083333432674407959e-01,2.656250000000000000e-01
1.839066863059997559e+00,1.819022059440612793e+00,2.166666835546493530e-01,2.447916716337203979e-01
1.801136732101440430e+00,1.767794013023376465e+00,1.895833462476730347e-01,2.552083432674407959e-01
1.751136541366577148e+00,1.706665396690368652e+00,2.500000000000000000e-01,3.750000000000000000e-01
1.631915807723999023e+00,1.392404317855834961e+00,3.645833432674407959e-01,4.375000000000000000e-01
1.312632441520690918e+00,1.115201711654663086e+00,4.437500238418579102e-01,5.104166865348815918e-01
1.065991044044494629e+00,9.510700106620788574e-01,5.812500119209289551e-01,6.302083730697631836e-01
9.763896465301513672e-01,7.852277159690856934e-01,6.125000119209289551e-01,6.718750000000000000e-01
7.959832549095153809e-01,8.958901166915893555e-01,6.875000596046447754e-01,6.406250000000000000e-01
6.854787468910217285e-01,7.843025922775268555e-01,7.291666865348815918e-01,7.187500000000000000e-01
5.579250454902648926e-01,5.391153097152709961e-01,7.937500476837158203e-01,8.072916865348815918e-01
4.343840479850769043e-01,3.772501647472381592e-01,8.270833492279052734e-01,8.333333730697631836e-01
4.236664772033691406e-01,4.831965565681457520e-01,8.375000357627868652e-01,8.072916865348815918e-01
3.699064552783966064e-01,3.288305401802062988e-01,8.562500476837158203e-01,8.541666865348815918e-01
2.891205847263336182e-01,3.498550355434417725e-01,8.812500238418579102e-01,8.593750000000000000e-01
2.671878337860107422e-01,4.919432103633880615e-01,8.854166865348815918e-01,8.125000000000000000e-01
2.780891060829162598e-01,2.576293349266052246e-01,8.979167342185974121e-01,9.062500000000000000e-01
1.986552476882934570e-01,3.566549420356750488e-01,9.312500357627868652e-01,8.906250000000000000e-01
2.052595019340515137e-01,2.826360464096069336e-01,9.208334088325500488e-01,9.166666865348815918e-01
1.760209053754806519e-01,1.762758344411849976e-01,9.395833611488342285e-01,9.270833730697631836e-01
1.749875098466873169e-01,2.313260287046432495e-01,9.312500357627868652e-01,9.270833730697631836e-01
8.916582167148590088e-02,2.164054214954376221e-01,9.708333611488342285e-01,9.218750000000000000e-01
1.567872315645217896e-01,6.670904159545898438e-01,9.479166865348815918e-01,7.916666865348815918e-01
3.259787559509277344e-01,3.773773610591888428e-01,8.895834088325500488e-01,8.645833730697631836e-01
1.719921082258224487e-01,2.384086847305297852e-01,9.437500238418579102e-01,9.010416865348815918e-01
1.415810436010360718e-01,1.313969492912292480e-01,9.604167342185974121e-01,9.427083730697631836e-01
7.261457294225692749e-02,1.825501769781112671e-01,9.729167222976684570e-01,9.427083730697631836e-01
4.327522218227386475e-02,8.952666819095611572e-02,9.916667342185974121e-01,9.583333730697631836e-01
4.522714763879776001e-02,2.343119233846664429e-01,9.812500476837158203e-01,9.322916865348815918e-01
3.329695388674736023e-02,1.740771234035491943e-01,9.916667342185974121e-01,9.635416865348815918e-01
2.914712205529212952e-02,1.978835910558700562e-01,9.895833730697631836e-01,9.531250000000000000e-01
1.510041672736406326e-02,2.144627571105957031e-01,9.937500357627868652e-01,9.479166865348815918e-01
3.208915516734123230e-02,3.164669871330261230e-02,9.916667342185974121e-01,9.947916865348815918e-01
1.175324171781539917e-01,4.033021330833435059e-01,9.666666984558105469e-01,8.802083730697631836e-01
9.948196262121200562e-02,3.326764106750488281e-01,9.625000357627868652e-01,9.010416865348815918e-01
9.056754410266876221e-02,4.743143320083618164e-01,9.708333611488342285e-01,8.854166865348815918e-01
2.165060639381408691e-01,4.289469718933105469e-01,9.270833730697631836e-01,8.541666865348815918e-01
1.013868674635887146e-01,2.277995049953460693e-01,9.729167222976684570e-01,9.218750000000000000e-01
2.611950039863586426e-02,1.965776681900024414e-01,9.916667342185974121e-01,9.427083730697631836e-01
1.081056240946054459e-02,1.047062426805496216e-01,9.979166984558105469e-01,9.791666865348815918e-01
1.550088077783584595e-02,1.161973103880882263e-01,9.937500357627868652e-01,9.739583730697631836e-01
8.436307311058044434e-03,9.540320932865142822e-02,9.979166984558105469e-01,9.739583730697631836e-01
4.455415997654199600e-03,1.189346611499786377e-01,9.979166984558105469e-01,9.687500000000000000e-01
2.610039198771119118e-03,1.130905896425247192e-01,1.000000000000000000e+00,9.583333730697631836e-01
1.735950703732669353e-03,1.122563630342483521e-01,1.000000000000000000e+00,9.531250000000000000e-01
1.308623934164643288e-03,1.045479029417037964e-01,1.000000000000000000e+00,9.583333730697631836e-01
8.289270917885005474e-04,9.443219006061553955e-02,1.000000000000000000e+00,9.635416865348815918e-01
6.591384299099445343e-04,9.438423812389373779e-02,1.000000000000000000e+00,9.635416865348815918e-01
4.626506124623119831e-04,1.096721738576889038e-01,1.000000000000000000e+00,9.583333730697631836e-01
3.333171189296990633e-04,1.105646938085556030e-01,1.000000000000000000e+00,9.583333730697631836e-01
2.649040834512561560e-04,9.209264814853668213e-02,1.000000000000000000e+00,9.687500000000000000e-01
2.248290693387389183e-04,1.141025722026824951e-01,1.000000000000000000e+00,9.583333730697631836e-01
1.826847437769174576e-04,1.162998974323272705e-01,1.000000000000000000e+00,9.583333730697631836e-01
1.625193108338862658e-04,1.177833229303359985e-01,1.000000000000000000e+00,9.583333730697631836e-01
1.412205165252089500e-04,1.203924566507339478e-01,1.000000000000000000e+00,9.531250000000000000e-01
1.210573318530805409e-04,9.693928807973861694e-02,1.000000000000000000e+00,9.635416865348815918e-01
1.058965353877283633e-04,1.194466948509216309e-01,1.000000000000000000e+00,9.583333730697631836e-01
9.620684431865811348e-05,1.248784586787223816e-01,1.000000000000000000e+00,9.583333730697631836e-01
8.607902418589219451e-05,1.259444802999496460e-01,1.000000000000000000e+00,9.583333730697631836e-01
7.789560186211019754e-05,1.275426447391510010e-01,1.000000000000000000e+00,9.583333730697631836e-01
6.910639785928651690e-05,1.273278445005416870e-01,1.000000000000000000e+00,9.583333730697631836e-01
6.230064172996208072e-05,1.303631514310836792e-01,1.000000000000000000e+00,9.583333730697631836e-01
5.950621198280714452e-05,1.321173757314682007e-01,1.000000000000000000e+00,9.583333730697631836e-01
5.276019874145276845e-05,1.321377158164978027e-01,1.000000000000000000e+00,9.583333730697631836e-01
4.764765981235541403e-05,1.089849099516868591e-01,1.000000000000000000e+00,9.687500000000000000e-01
4.426743180374614894e-05,1.361007690429687500e-01,1.000000000000000000e+00,9.583333730697631836e-01
4.072519732289947569e-05,1.375316977500915527e-01,1.000000000000000000e+00,9.583333730697631836e-01
3.790150003624148667e-05,1.391603648662567139e-01,1.000000000000000000e+00,9.531250000000000000e-01
3.455775731708854437e-05,1.106002926826477051e-01,1.000000000000000000e+00,9.583333730697631836e-01
3.222915620426647365e-05,1.265051513910293579e-01,1.000000000000000000e+00,9.583333730697631836e-01
3.010436739714350551e-05,1.272794306278228760e-01,1.000000000000000000e+00,9.583333730697631836e-01
2.792329360090661794e-05,1.317809224128723145e-01,1.000000000000000000e+00,9.583333730697631836e-01
2.605069857963826507e-05,1.220301091670989990e-01,1.000000000000000000e+00,9.583333730697631836e-01
2.452308399369940162e-05,1.024019867181777954e-01,1.000000000000000000e+00,9.635416865348815918e-01
2.263499845867045224e-05,9.614207595586776733e-02,1.000000000000000000e+00,9.635416865348815918e-01
2.140691685781348497e-05,1.435988396406173706e-01,1.000000000000000000e+00,9.583333730697631836e-01
2.003681402129586786e-05,9.615980088710784912e-02,1.000000000000000000e+00,9.687500000000000000e-01
1.865586818894371390e-05,1.505058109760284424e-01,1.000000000000000000e+00,9.531250000000000000e-01
1.752900789142586291e-05,1.510583013296127319e-01,1.000000000000000000e+00,9.531250000000000000e-01
1.670959500188473612e-05,1.522630006074905396e-01,1.000000000000000000e+00,9.531250000000000000e-01
1.561613134981598705e-05,1.526830196380615234e-01,1.000000000000000000e+00,9.531250000000000000e-01
1.488881844124989584e-05,1.342944800853729248e-01,1.000000000000000000e+00,9.635416865348815918e-01
1.384802999382372946e-05,1.509889364242553711e-01,1.000000000000000000e+00,9.583333730697631836e-01
1.312656968366354704e-05,1.514802724123001099e-01,1.000000000000000000e+00,9.583333730697631836e-01
1.251270259672310203e-05,1.414376646280288696e-01,1.000000000000000000e+00,9.583333730697631836e-01
1.177506146632367745e-05,1.570939719676971436e-01,1.000000000000000000e+00,9.531250000000000000e-01
1.124933169194264337e-05,1.589382141828536987e-01,1.000000000000000000e+00,9.531250000000000000e-01
1.059535134118050337e-05,1.592060774564743042e-01,1.000000000000000000e+00,9.531250000000000000e-01
1.016688293020706624e-05,1.590918898582458496e-01,1.000000000000000000e+00,9.531250000000000000e-01
9.537176083540543914e-06,1.438657045364379883e-01,1.000000000000000000e+00,9.583333730697631836e-01
9.185654562315903604e-06,1.606613099575042725e-01,1.000000000000000000e+00,9.531250000000000000e-01
8.742382306081708521e-06,1.003640145063400269e-01,1.000000000000000000e+00,9.635416865348815918e-01
8.457998774247244000e-06,1.412815898656845093e-01,1.000000000000000000e+00,9.583333730697631836e-01
7.930546416901051998e-06,1.629695594310760498e-01,1.000000000000000000e+00,9.531250000000000000e-01
7.569902209070278332e-06,1.635591387748718262e-01,1.000000000000000000e+00,9.531250000000000000e-01
7.232499228848610073e-06,1.431367993354797363e-01,1.000000000000000000e+00,9.583333730697631836e-01
6.929868050065124407e-06,1.640474498271942139e-01,1.000000000000000000e+00,9.531250000000000000e-01
6.650992872891947627e-06,1.645976305007934570e-01,1.000000000000000000e+00,9.531250000000000000e-01
6.354903234750963748e-06,1.490664780139923096e-01,1.000000000000000000e+00,9.583333730697631836e-01
6.143337486719246954e-06,1.653855293989181519e-01,1.000000000000000000e+00,9.531250000000000000e-01
5.887702627660473809e-06,1.661806553602218628e-01,1.000000000000000000e+00,9.531250000000000000e-01
5.624837285722605884e-06,1.419685631990432739e-01,1.000000000000000000e+00,9.583333730697631836e-01
5.433067599369678646e-06,1.291937679052352905e-01,1.000000000000000000e+00,9.635416865348815918e-01
5.244224212219705805e-06,1.662661284208297729e-01,1.000000000000000000e+00,9.531250000000000000e-01
5.013206191506469622e-06,1.205303370952606201e-01,1.000000000000000000e+00,9.635416865348815918e-01
4.845364401262486354e-06,1.675315350294113159e-01,1.000000000000000000e+00,9.531250000000000000e-01
4.684064151661004871e-06,1.547613441944122314e-01,1.000000000000000000e+00,9.583333730697631836e-01
4.507443918555509299e-06,1.144550144672393799e-01,1.000000000000000000e+00,9.635416865348815918e-01
4.339775387052213773e-06,1.656800806522369385e-01,1.000000000000000000e+00,9.531250000000000000e-01
4.184327735856641084e-06,1.427890211343765259e-01,1.000000000000000000e+00,9.635416865348815918e-01
4.077253834111616015e-06,1.621951162815093994e-01,1.000000000000000000e+00,9.583333730697631836e-01
3.924561497115064412e-06,1.689524501562118530e-01,1.000000000000000000e+00,9.531250000000000000e-01
3.787189598369877785e-06,1.642427742481231689e-01,1.000000000000000000e+00,9.583333730697631836e-01
3.670647629405721091e-06,1.696892380714416504e-01,1.000000000000000000e+00,9.531250000000000000e-01
3.546014568200916983e-06,1.283022761344909668e-01,1.000000000000000000e+00,9.583333730697631836e-01
3.470614956313511357e-06,1.694189012050628662e-01,1.000000000000000000e+00,9.531250000000000000e-01
3.339096110721584409e-06,1.700059175491333008e-01,1.000000000000000000e+00,9.531250000000000000e-01
3.237530108890496194e-06,1.438971459865570068e-01,1.000000000000000000e+00,9.583333730697631836e-01
3.142506102449260652e-06,1.700778007507324219e-01,1.000000000000000000e+00,9.531250000000000000e-01
3.053335603908635676e-06,1.573428809642791748e-01,1.000000000000000000e+00,9.583333730697631836e-01
2.965713520097779110e-06,1.709585636854171753e-01,1.000000000000000000e+00,9.531250000000000000e-01
2.862082055798964575e-06,1.707401126623153687e-01,1.000000000000000000e+00,9.531250000000000000e-01
2.790470034597092308e-06,1.709058582782745361e-01,1.000000000000000000e+00,9.531250000000000000e-01
2.708528882067184895e-06,1.707453578710556030e-01,1.000000000000000000e+00,9.531250000000000000e-01
2.632096766319591552e-06,1.560806334018707275e-01,1.000000000000000000e+00,9.583333730697631836e-01
2.554975935709080659e-06,1.714713871479034424e-01,1.000000000000000000e+00,9.531250000000000000e-01
2.492487510608043522e-06,1.721847951412200928e-01,1.000000000000000000e+00,9.531250000000000000e-01
2.421391172902076505e-06,1.285721659660339355e-01,1.000000000000000000e+00,9.583333730697631836e-01
2.352016963413916528e-06,1.723203063011169434e-01,1.000000000000000000e+00,9.531250000000000000e-01
2.307431259396253154e-06,1.728114932775497437e-01,1.000000000000000000e+00,9.531250000000000000e-01
2.234441581094870344e-06,1.727583408355712891e-01,1.000000000000000000e+00,9.531250000000000000e-01
2.176429006794933230e-06,1.657295227050781250e-01,1.000000000000000000e+00,9.583333730697631836e-01
