# train_loss,val_loss,train_acc,val_acc
1.908479809761047363e+00,1.873701572418212891e+00,2.916307151317596436e-01,3.145833611488342285e-01
1.844210147857666016e+00,1.814022421836853027e+00,3.218291699886322021e-01,3.270833492279052734e-01
1.812124729156494141e+00,1.816788315773010254e+00,3.218291699886322021e-01,3.062500059604644775e-01
1.801074504852294922e+00,1.811694383621215820e+00,3.252804279327392578e-01,3.083333373069763184e-01
1.799036741256713867e+00,1.801437139511108398e+00,3.244176208972930908e-01,3.125000298023223877e-01
1.801330208778381348e+00,1.807149648666381836e+00,3.252804279327392578e-01,3.062500059604644775e-01
1.800247073173522949e+00,1.798260927200317383e+00,3.244176208972930908e-01,3.166666924953460693e-01
1.795335054397583008e+00,1.797408938407897949e+00,3.270060420036315918e-01,3.125000298023223877e-01
1.798831582069396973e+00,1.809048771858215332e+00,3.244176208972930908e-01,3.062500059604644775e-01
1.792418003082275391e+00,1.794164061546325684e+00,3.295944929122924805e-01,3.125000298023223877e-01
1.795786023139953613e+00,1.790593385696411133e+00,3.244176208972930908e-01,3.125000298023223877e-01
1.796356439590454102e+00,1.810394525527954102e+00,3.252804279327392578e-01,3.020833432674407959e-01
1.798312067985534668e+00,1.793946981430053711e+00,3.244176208972930908e-01,3.145833611488342285e-01
1.801372647285461426e+00,1.804452300071716309e+00,3.201035559177398682e-01,3.062500059604644775e-01
1.789716362953186035e+00,1.795642733573913574e+00,3.278688490390777588e-01,3.104166686534881592e-01
1.793736815452575684e+00,1.781724214553833008e+00,3.244176208972930908e-01,3.229166865348815918e-01
1.793192982673645020e+00,1.800719022750854492e+00,3.252804279327392578e-01,3.083333373069763184e-01
1.793383836746215820e+00,1.786828637123107910e+00,3.252804279327392578e-01,3.208333551883697510e-01
1.794839620590209961e+00,1.789076328277587891e+00,3.261432349681854248e-01,3.208333551883697510e-01
1.793651342391967773e+00,1.806912779808044434e+00,3.244176208972930908e-01,3.041666746139526367e-01
1.795890927314758301e+00,1.800623655319213867e+00,3.218291699886322021e-01,3.083333373069763184e-01
1.793625354766845703e+00,1.791674494743347168e+00,3.244176208972930908e-01,3.166666924953460693e-01
1.791815876960754395e+00,1.794786095619201660e+00,3.252804279327392578e-01,3.125000298023223877e-01
1.788841009140014648e+00,1.794871568679809570e+00,3.270060420036315918e-01,3.062500059604644775e-01
1.791195392608642578e+00,1.785040616989135742e+00,3.252804279327392578e-01,3.166666924953460693e-01
1.789956331253051758e+00,1.791454672813415527e+00,3.244176208972930908e-01,3.145833611488342285e-01
1.788996815681457520e+00,1.790145993232727051e+00,3.268581032752990723e-01,3.125000298023223877e-01
1.787947773933410645e+00,1.787636876106262207e+00,3.261432349681854248e-01,3.125000298023223877e-01
1.787293553352355957e+00,1.790560603141784668e+00,3.295944929122924805e-01,3.208333551883697510e-01
1.790470123291015625e+00,1.780682921409606934e+00,3.235548138618469238e-01,3.208333551883697510e-01
1.785495281219482422e+00,1.785880804061889648e+00,3.252804279327392578e-01,3.145833611488342285e-01
1.787693738937377930e+00,1.788283228874206543e+00,3.244176208972930908e-01,3.125000298023223877e-01
1.787260055541992188e+00,1.789915442466735840e+00,3.235548138618469238e-01,3.125000298023223877e-01
1.781855702400207520e+00,1.781513929367065430e+00,3.295944929122924805e-01,3.145833611488342285e-01
1.782386660575866699e+00,1.788099169731140137e+00,3.278688490390777588e-01,3.125000298023223877e-01
1.782595276832580566e+00,1.777841925621032715e+00,3.261432349681854248e-01,3.166666924953460693e-01
1.786195635795593262e+00,1.798160195350646973e+00,3.218291699886322021e-01,3.062500059604644775e-01
1.783759713172912598e+00,1.780635595321655273e+00,3.270060420036315918e-01,3.125000298023223877e-01
1.785078406333923340e+00,1.778375983238220215e+00,3.235548138618469238e-01,3.166666924953460693e-01
1.777765989303588867e+00,1.771124482154846191e+00,3.244176208972930908e-01,3.187500238418579102e-01
1.781592130661010742e+00,1.780317068099975586e+00,3.252804279327392578e-01,3.104166686534881592e-01
1.773654341697692871e+00,1.790773749351501465e+00,3.261432349681854248e-01,3.083333373069763184e-01
1.776098847389221191e+00,1.766549229621887207e+00,3.287316858768463135e-01,3.187500238418579102e-01
1.776692271232604980e+00,1.776724815368652344e+00,3.226919770240783691e-01,3.125000298023223877e-01
1.777919292449951172e+00,1.767879962921142578e+00,3.252804279327392578e-01,3.145833611488342285e-01
1.770780086517333984e+00,1.763428688049316406e+00,3.252804279327392578e-01,3.166666924953460693e-01
1.776023507118225098e+00,1.781531929969787598e+00,3.209663629531860352e-01,3.041666746139526367e-01
1.772580385208129883e+00,1.764073729515075684e+00,3.252804279327392578e-01,3.125000298023223877e-01
1.772934317588806152e+00,1.758715152740478516e+00,3.244176208972930908e-01,3.229166865348815918e-01
1.762475013732910156e+00,1.764074683189392090e+00,3.270060420036315918e-01,3.166666924953460693e-01
1.767712831497192383e+00,1.756593465805053711e+00,3.261432349681854248e-01,3.187500238418579102e-01
1.766374707221984863e+00,1.754937887191772461e+00,3.218291699886322021e-01,3.270833492279052734e-01
1.766993165016174316e+00,1.767662405967712402e+00,3.244176208972930908e-01,3.625000119209289551e-01
1.759591102600097656e+00,1.753243327140808105e+00,3.304572999477386475e-01,3.125000298023223877e-01
1.759963989257812500e+00,1.753281235694885254e+00,3.270060420036315918e-01,3.333333432674407959e-01
1.750924110412597656e+00,1.744192481040954590e+00,3.313201069831848145e-01,3.187500238418579102e-01
1.751276135444641113e+00,1.739563465118408203e+00,3.287316858768463135e-01,3.770833611488342285e-01
1.739820957183837891e+00,1.748975872993469238e+00,3.364969789981842041e-01,3.208333551883697510e-01
1.738834381103515625e+00,1.749611616134643555e+00,3.442623019218444824e-01,3.583333492279052734e-01
1.739940524101257324e+00,1.741391420364379883e+00,3.390854299068450928e-01,3.687500059604644775e-01
1.742713809013366699e+00,1.733797788619995117e+00,3.477135598659515381e-01,3.354166746139526367e-01
1.736721634864807129e+00,1.723378539085388184e+00,3.459879457950592041e-01,4.041666984558105469e-01
1.736278057098388672e+00,1.719527244567871094e+00,3.537532389163970947e-01,3.750000298023223877e-01
1.725154995918273926e+00,1.730474591255187988e+00,3.632441759109497070e-01,3.916666805744171143e-01
1.723926901817321777e+00,1.726772189140319824e+00,3.563416898250579834e-01,3.854166865348815918e-01
1.728915452957153320e+00,1.728478908538818359e+00,3.554788827896118164e-01,3.958333432674407959e-01
1.724908709526062012e+00,1.717533707618713379e+00,3.675582408905029297e-01,3.916666805744171143e-01
1.713938236236572266e+00,1.711467862129211426e+00,3.632441759109497070e-01,3.875000178813934326e-01
1.707742691040039062e+00,1.726360201835632324e+00,3.701466917991638184e-01,3.500000238418579102e-01
1.711370348930358887e+00,1.698647856712341309e+00,3.710094988346099854e-01,4.000000357627868652e-01
1.702935338020324707e+00,1.710864067077636719e+00,3.735979497432708740e-01,3.687500059604644775e-01
1.696430683135986328e+00,1.699433326721191406e+00,3.822260797023773193e-01,4.083333611488342285e-01
1.686899781227111816e+00,1.693910837173461914e+00,3.787748217582702637e-01,3.958333432674407959e-01
1.693346023559570312e+00,1.689633131027221680e+00,3.770491778850555420e-01,4.020833671092987061e-01
1.691543579101562500e+00,1.684989094734191895e+00,3.779120147228240967e-01,4.062500298023223877e-01
1.679201722145080566e+00,1.713810801506042480e+00,3.908542096614837646e-01,3.354166746139526367e-01
1.684866905212402344e+00,1.690126776695251465e+00,3.770491778850555420e-01,4.000000357627868652e-01
1.679980039596557617e+00,1.684204936027526855e+00,3.882657587528228760e-01,3.916666805744171143e-01
1.664616823196411133e+00,1.677674412727355957e+00,3.917170166969299316e-01,4.062500298023223877e-01
1.663353204727172852e+00,1.662482142448425293e+00,3.882657587528228760e-01,4.000000357627868652e-01
1.677816271781921387e+00,1.662040829658508301e+00,3.865401446819305420e-01,4.187500178813934326e-01
1.666948676109313965e+00,1.655647277832031250e+00,3.908542096614837646e-01,3.875000178813934326e-01
1.661281108856201172e+00,1.665302395820617676e+00,4.037963747978210449e-01,4.062500298023223877e-01
1.658640146255493164e+00,1.648346424102783203e+00,3.943054378032684326e-01,4.041666984558105469e-01
1.661717295646667480e+00,1.638902425765991211e+00,3.968938887119293213e-01,4.041666984558105469e-01
1.645180583000183105e+00,1.640707850456237793e+00,3.977566957473754883e-01,4.020833671092987061e-01
1.640464186668395996e+00,1.631057024002075195e+00,4.029335677623748779e-01,4.187500178813934326e-01
1.642071843147277832e+00,1.658238530158996582e+00,4.055220186710357666e-01,3.916666805744171143e-01
1.640819787979125977e+00,1.651299595832824707e+00,4.037963747978210449e-01,3.937500119209289551e-01
1.618967413902282715e+00,1.629748225212097168e+00,4.115616977214813232e-01,4.354166984558105469e-01
1.639934062957763672e+00,1.597707748413085938e+00,3.943054378032684326e-01,4.229166805744171143e-01
1.622701525688171387e+00,1.600312590599060059e+00,4.046592116355895996e-01,4.229166805744171143e-01
1.608815789222717285e+00,1.599056243896484375e+00,4.089732766151428223e-01,4.166666865348815918e-01
1.608161211013793945e+00,1.622459888458251953e+00,4.098360836505889893e-01,4.208333492279052734e-01
1.612231373786926270e+00,1.595741629600524902e+00,4.176014065742492676e-01,4.583333432674407959e-01
1.597185969352722168e+00,1.584195971488952637e+00,4.158757627010345459e-01,4.354166984558105469e-01
1.616074442863464355e+00,1.590820312500000000e+00,4.089732766151428223e-01,4.354166984558105469e-01
1.588602304458618164e+00,1.636517286300659180e+00,4.305435717105865479e-01,3.875000178813934326e-01
1.580678820610046387e+00,1.580287337303161621e+00,4.201898276805877686e-01,4.333333671092987061e-01
1.579663395881652832e+00,1.588674426078796387e+00,4.288179576396942139e-01,4.187500178813934326e-01
1.577979564666748047e+00,1.618584990501403809e+00,4.106988906860351562e-01,3.645833432674407959e-01
1.575023770332336426e+00,1.553875207901000977e+00,4.219154715538024902e-01,4.333333671092987061e-01
1.555459141731262207e+00,1.571809411048889160e+00,4.331320226192474365e-01,4.166666865348815918e-01
1.579995036125183105e+00,1.572260856628417969e+00,4.158757627010345459e-01,4.541666805744171143e-01
1.566551804542541504e+00,1.548047423362731934e+00,4.245038926601409912e-01,4.375000298023223877e-01
1.552363157272338867e+00,1.569464445114135742e+00,4.383088946342468262e-01,4.208333492279052734e-01
1.556585311889648438e+00,1.559111714363098145e+00,4.201898276805877686e-01,4.270833432674407959e-01
1.550962686538696289e+00,1.547721743583679199e+00,4.270923435688018799e-01,4.312500357627868652e-01
1.537512540817260742e+00,1.531926393508911133e+00,4.305435717105865479e-01,4.562500119209289551e-01
1.542781114578247070e+00,1.530556797981262207e+00,4.451013505458831787e-01,4.354166984558105469e-01
1.547969222068786621e+00,1.543078064918518066e+00,4.452114105224609375e-01,4.458333551883697510e-01
1.532835483551025391e+00,1.522206902503967285e+00,4.460742175579071045e-01,4.437500238418579102e-01
1.525354743003845215e+00,1.526124596595764160e+00,4.391717016696929932e-01,4.416666924953460693e-01
1.511788964271545410e+00,1.563030838966369629e+00,4.495254755020141602e-01,4.645833671092987061e-01
1.521644115447998047e+00,1.521446585655212402e+00,4.452114105224609375e-01,4.687500298023223877e-01
1.524673342704772949e+00,1.517186045646667480e+00,4.529767334461212158e-01,4.479166865348815918e-01
1.510300755500793457e+00,1.494258403778076172e+00,4.590164124965667725e-01,4.750000238418579102e-01
1.497735857963562012e+00,1.507741808891296387e+00,4.443486034870147705e-01,4.562500119209289551e-01
1.491032958030700684e+00,1.497189640998840332e+00,4.521138966083526611e-01,4.750000238418579102e-01
1.495062828063964844e+00,1.495554685592651367e+00,4.469370245933532715e-01,4.791666865348815918e-01
1.512865066528320312e+00,1.526803493499755859e+00,4.572907686233520508e-01,4.687500298023223877e-01
1.497353196144104004e+00,1.479692339897155762e+00,4.477998316287994385e-01,4.729166924953460693e-01
1.484167933464050293e+00,1.503132820129394531e+00,4.564279615879058838e-01,4.500000178813934326e-01
1.479597330093383789e+00,1.480396628379821777e+00,4.667817354202270508e-01,4.625000357627868652e-01
1.469226479530334473e+00,1.496044635772705078e+00,4.702329635620117188e-01,4.604167044162750244e-01
1.483283162117004395e+00,1.522783756256103516e+00,4.538395404815673828e-01,4.833333492279052734e-01
1.468211174011230469e+00,1.497631430625915527e+00,4.667817354202270508e-01,4.729166924953460693e-01
1.481166243553161621e+00,1.480108618736267090e+00,4.547023475170135498e-01,4.500000178813934326e-01
1.463962674140930176e+00,1.466137528419494629e+00,4.702329635620117188e-01,4.708333611488342285e-01
1.450294613838195801e+00,1.563059210777282715e+00,4.659188985824584961e-01,4.687500298023223877e-01
1.462618708610534668e+00,1.466743707656860352e+00,4.616048336029052734e-01,4.479166865348815918e-01
1.465897560119628906e+00,1.468857526779174805e+00,4.624676704406738281e-01,4.687500298023223877e-01
1.453480124473571777e+00,1.488400101661682129e+00,4.667817354202270508e-01,4.333333671092987061e-01
1.447784900665283203e+00,1.493897795677185059e+00,4.866264164447784424e-01,4.666666984558105469e-01
1.458090066909790039e+00,1.467151761054992676e+00,4.736842215061187744e-01,4.812500178813934326e-01
1.455828428268432617e+00,1.446358203887939453e+00,4.693701565265655518e-01,4.645833671092987061e-01
1.454361677169799805e+00,1.506910800933837891e+00,4.616048336029052734e-01,4.729166924953460693e-01
1.428811550140380859e+00,1.471921920776367188e+00,4.650560915470123291e-01,4.791666865348815918e-01
1.441829562187194824e+00,1.454430818557739258e+00,4.607420265674591064e-01,4.916667044162750244e-01
1.462526798248291016e+00,1.435286164283752441e+00,4.719586074352264404e-01,5.000000000000000000e-01
