# train_loss,val_loss,train_acc,val_acc
1.868912935256958008e+00,1.821303725242614746e+00,2.873166501522064209e-01,3.187500238418579102e-01
1.828725576400756836e+00,1.836117625236511230e+00,3.252804279327392578e-01,3.229166865348815918e-01
1.829773187637329102e+00,1.821068286895751953e+00,3.252804279327392578e-01,3.104166686534881592e-01
1.822900533676147461e+00,1.828313112258911133e+00,3.287316858768463135e-01,3.125000298023223877e-01
1.816326737403869629e+00,1.823389768600463867e+00,3.192407488822937012e-01,3.187500238418579102e-01
1.800291538238525391e+00,1.828797340393066406e+00,3.270060420036315918e-01,3.083333373069763184e-01
1.808546781539916992e+00,1.805241584777832031e+00,3.270060420036315918e-01,3.166666924953460693e-01
1.803038597106933594e+00,1.804540872573852539e+00,3.244176208972930908e-01,3.166666924953460693e-01
1.805845022201538086e+00,1.815827012062072754e+00,3.226919770240783691e-01,3.041666746139526367e-01
1.812542438507080078e+00,1.819801688194274902e+00,3.226919770240783691e-01,3.062500059604644775e-01
1.801370501518249512e+00,1.814666628837585449e+00,3.235548138618469238e-01,3.125000298023223877e-01
1.809491753578186035e+00,1.808541178703308105e+00,3.235548138618469238e-01,3.125000298023223877e-01
1.800057530403137207e+00,1.798030495643615723e+00,3.270060420036315918e-01,3.187500238418579102e-01
1.802298188209533691e+00,1.807591676712036133e+00,3.235548138618469238e-01,3.166666924953460693e-01
1.800654888153076172e+00,1.815942883491516113e+00,3.218291699886322021e-01,3.062500059604644775e-01
1.800148725509643555e+00,1.807516455650329590e+00,3.244176208972930908e-01,3.125000298023223877e-01
1.796093821525573730e+00,1.810614943504333496e+00,3.226919770240783691e-01,3.166666924953460693e-01
1.790956020355224609e+00,1.803259372711181641e+00,3.226919770240783691e-01,3.125000298023223877e-01
1.794495105743408203e+00,1.801719069480895996e+00,3.244176208972930908e-01,3.104166686534881592e-01
1.790053009986877441e+00,1.802946567535400391e+00,3.209663629531860352e-01,3.104166686534881592e-01
1.790843009948730469e+00,1.805113554000854492e+00,3.209663629531860352e-01,3.187500238418579102e-01
1.782854557037353516e+00,1.788612961769104004e+00,3.244176208972930908e-01,3.229166865348815918e-01
1.786093235015869141e+00,1.782612204551696777e+00,3.218291699886322021e-01,3.208333551883697510e-01
1.776598334312438965e+00,1.792632699012756348e+00,3.235548138618469238e-01,3.125000298023223877e-01
1.777873754501342773e+00,1.787707567214965820e+00,3.244176208972930908e-01,3.166666924953460693e-01
1.763693094253540039e+00,1.765204548835754395e+00,3.313201069831848145e-01,3.229166865348815918e-01
1.758374810218811035e+00,1.769482612609863281e+00,3.373598158359527588e-01,3.062500059604644775e-01
1.752648472785949707e+00,1.755265593528747559e+00,3.347713649272918701e-01,3.812500238418579102e-01
1.741067528724670410e+00,1.743042349815368652e+00,3.416738808155059814e-01,3.687500059604644775e-01
1.743470430374145508e+00,1.743412256240844727e+00,3.477135598659515381e-01,4.041666984558105469e-01
1.721486806869506836e+00,1.714425563812255859e+00,3.761863708496093750e-01,4.062500298023223877e-01
1.712427735328674316e+00,1.720785140991210938e+00,3.753235638141632080e-01,4.500000178813934326e-01
1.671951413154602051e+00,1.679597139358520508e+00,3.977566957473754883e-01,4.229166805744171143e-01
1.677735447883605957e+00,1.664033770561218262e+00,4.055220186710357666e-01,4.541666805744171143e-01
1.643068432807922363e+00,1.629072904586791992e+00,4.098360836505889893e-01,4.583333432674407959e-01
1.645004868507385254e+00,1.613115906715393066e+00,4.072476327419281006e-01,4.604167044162750244e-01
1.605094671249389648e+00,1.606218099594116211e+00,4.201898276805877686e-01,4.645833671092987061e-01
1.597960948944091797e+00,1.596712470054626465e+00,4.167385697364807129e-01,4.500000178813934326e-01
1.580095410346984863e+00,1.590111374855041504e+00,4.262295365333557129e-01,4.541666805744171143e-01
1.563884258270263672e+00,1.575527667999267578e+00,4.253666996955871582e-01,4.583333432674407959e-01
1.543431878089904785e+00,1.596207976341247559e+00,4.365832805633544922e-01,4.604167044162750244e-01
1.557628870010375977e+00,1.570452809333801270e+00,4.245038926601409912e-01,4.750000238418579102e-01
1.538747429847717285e+00,1.526810288429260254e+00,4.460742175579071045e-01,4.708333611488342285e-01
1.530656814575195312e+00,1.515854477882385254e+00,4.452114105224609375e-01,4.895833730697631836e-01
1.516427755355834961e+00,1.518016219139099121e+00,4.417601525783538818e-01,4.791666865348815918e-01
1.533944249153137207e+00,1.486148357391357422e+00,4.339948296546936035e-01,4.791666865348815918e-01
1.515642166137695312e+00,1.493395328521728516e+00,4.383088946342468262e-01,4.791666865348815918e-01
1.516029715538024902e+00,1.525170803070068359e+00,4.512510895729064941e-01,4.791666865348815918e-01
1.499215364456176758e+00,1.488133311271667480e+00,4.426229596138000488e-01,4.875000119209289551e-01
1.479038357734680176e+00,1.501222252845764160e+00,4.624676704406738281e-01,4.729166924953460693e-01
1.497018098831176758e+00,1.480728030204772949e+00,4.486626684665679932e-01,4.791666865348815918e-01
1.458444476127624512e+00,1.505139470100402832e+00,4.641932845115661621e-01,4.770833551883697510e-01
1.453069448471069336e+00,1.473736286163330078e+00,4.633304774761199951e-01,4.750000238418579102e-01
1.459351181983947754e+00,1.458680152893066406e+00,4.667817354202270508e-01,4.791666865348815918e-01
1.450785994529724121e+00,1.419698238372802734e+00,4.840379655361175537e-01,5.062500238418579102e-01
1.453683853149414062e+00,1.454947352409362793e+00,4.555651545524597168e-01,5.083333849906921387e-01
1.485550165176391602e+00,1.452655315399169922e+00,4.503882825374603271e-01,4.812500178813934326e-01
1.450799822807312012e+00,1.433823704719543457e+00,4.728214144706726074e-01,4.875000119209289551e-01
1.431787967681884766e+00,1.454164385795593262e+00,4.805867373943328857e-01,4.770833551883697510e-01
1.440852999687194824e+00,1.414366722106933594e+00,4.616048336029052734e-01,5.208333730697631836e-01
1.429083585739135742e+00,1.406930208206176758e+00,4.676445424556732178e-01,5.000000000000000000e-01
1.421313405036926270e+00,1.433859825134277344e+00,4.762726724147796631e-01,5.020833611488342285e-01
1.410140037536621094e+00,1.409401059150695801e+00,4.728214144706726074e-01,4.791666865348815918e-01
1.420562982559204102e+00,1.379575014114379883e+00,4.719586074352264404e-01,5.125000476837158203e-01
1.387043952941894531e+00,1.390807390213012695e+00,4.935289323329925537e-01,5.145833492279052734e-01
1.404613018035888672e+00,1.405027627944946289e+00,4.909404814243316650e-01,5.041667222976684570e-01
1.405014038085937500e+00,1.390484094619750977e+00,4.788610935211181641e-01,5.083333849906921387e-01
1.405255198478698730e+00,1.416535258293151855e+00,4.719586074352264404e-01,5.145833492279052734e-01
1.414987444877624512e+00,1.365735530853271484e+00,4.702329635620117188e-01,5.104166865348815918e-01
1.387883305549621582e+00,1.400557875633239746e+00,4.909404814243316650e-01,5.229166746139526367e-01
1.381390333175659180e+00,1.346676230430603027e+00,4.909404814243316650e-01,5.291666984558105469e-01
1.381165504455566406e+00,1.393963456153869629e+00,4.857636094093322754e-01,5.020833611488342285e-01
1.375062465667724609e+00,1.396488547325134277e+00,5.056083202362060547e-01,5.062500238418579102e-01
1.391013264656066895e+00,1.379054188728332520e+00,4.909404814243316650e-01,5.041667222976684570e-01
1.355698585510253906e+00,1.408675551414489746e+00,5.090595483779907227e-01,4.812500178813934326e-01
1.380615115165710449e+00,1.371719121932983398e+00,4.978429973125457764e-01,5.062500238418579102e-01
1.337446808815002441e+00,1.333236098289489746e+00,5.081967115402221680e-01,5.250000357627868652e-01
1.367473125457763672e+00,1.367982268333435059e+00,4.952545464038848877e-01,5.083333849906921387e-01
1.357107162475585938e+00,1.357626795768737793e+00,4.840379655361175537e-01,5.000000000000000000e-01
1.323403835296630859e+00,1.336122035980224609e+00,5.177364945411682129e-01,5.145833492279052734e-01
1.345962166786193848e+00,1.334379196166992188e+00,5.047454833984375000e-01,5.312500000000000000e-01
1.325110554695129395e+00,1.355078220367431641e+00,5.133736133575439453e-01,5.041667222976684570e-01
1.323632240295410156e+00,1.359732985496520996e+00,5.073339343070983887e-01,4.979166984558105469e-01
1.321680903434753418e+00,1.331833600997924805e+00,5.047454833984375000e-01,5.104166865348815918e-01
1.330299139022827148e+00,1.315720796585083008e+00,5.107851624488830566e-01,5.250000357627868652e-01
1.304717302322387695e+00,1.318751096725463867e+00,5.211389064788818359e-01,5.166667103767395020e-01
1.320545434951782227e+00,1.321021437644958496e+00,5.090595483779907227e-01,5.166667103767395020e-01
1.287722587585449219e+00,1.308919429779052734e+00,5.383951663970947266e-01,5.187500119209289551e-01
1.301110267639160156e+00,1.298671126365661621e+00,5.280414223670959473e-01,5.375000238418579102e-01
1.301181674003601074e+00,1.290849089622497559e+00,5.185505151748657227e-01,5.291666984558105469e-01
1.290613889694213867e+00,1.308798551559448242e+00,5.220017433166503906e-01,5.166667103767395020e-01
1.300082206726074219e+00,1.315042614936828613e+00,5.220017433166503906e-01,5.312500000000000000e-01
1.301272749900817871e+00,1.310439348220825195e+00,5.168248414993286133e-01,5.270833373069763184e-01
1.266833066940307617e+00,1.320682883262634277e+00,5.332183241844177246e-01,5.229166746139526367e-01
1.273638129234313965e+00,1.298082470893859863e+00,5.323554873466491699e-01,5.208333730697631836e-01
1.272165060043334961e+00,1.300670385360717773e+00,5.392580032348632812e-01,5.229166746139526367e-01
1.274552345275878906e+00,1.291948795318603516e+00,5.306298732757568359e-01,5.187500119209289551e-01
1.263903379440307617e+00,1.299567461013793945e+00,5.245901942253112793e-01,5.250000357627868652e-01
1.288271546363830566e+00,1.295102000236511230e+00,5.185505151748657227e-01,5.333333611488342285e-01
1.252535939216613770e+00,1.268654227256774902e+00,5.470232963562011719e-01,5.354167222976684570e-01
1.240598320960998535e+00,1.278933882713317871e+00,5.366695523262023926e-01,5.208333730697631836e-01
1.224903106689453125e+00,1.277766942977905273e+00,5.452976822853088379e-01,5.354167222976684570e-01
1.282196998596191406e+00,1.275644183158874512e+00,5.375323891639709473e-01,5.416666865348815918e-01
1.239856481552124023e+00,1.240286707878112793e+00,5.396959781646728516e-01,5.479167103767395020e-01
1.221507310867309570e+00,1.239116787910461426e+00,5.452976822853088379e-01,5.479167103767395020e-01
1.248871445655822754e+00,1.267320990562438965e+00,5.297670364379882812e-01,5.541666746139526367e-01
1.230903625488281250e+00,1.242398262023925781e+00,5.461605191230773926e-01,5.562500357627868652e-01
1.225415825843811035e+00,1.241037130355834961e+00,5.470232963562011719e-01,5.604166984558105469e-01
1.231611251831054688e+00,1.237706899642944336e+00,5.392580032348632812e-01,5.479167103767395020e-01
1.227192640304565430e+00,1.262038350105285645e+00,5.496117472648620605e-01,5.270833373069763184e-01
1.195518970489501953e+00,1.258378267288208008e+00,5.565142631530761719e-01,5.395833849906921387e-01
1.202380061149597168e+00,1.231994748115539551e+00,5.401208400726318359e-01,5.500000119209289551e-01
1.194287896156311035e+00,1.242068052291870117e+00,5.591216087341308594e-01,5.458333492279052734e-01
1.195305705070495605e+00,1.225858092308044434e+00,5.591027140617370605e-01,5.520833730697631836e-01
1.209702134132385254e+00,1.240247607231140137e+00,5.427092313766479492e-01,5.395833849906921387e-01
1.211831927299499512e+00,1.245705366134643555e+00,5.478861331939697266e-01,5.520833730697631836e-01
1.200822710990905762e+00,1.258293986320495605e+00,5.478861331939697266e-01,5.541666746139526367e-01
1.171236515045166016e+00,1.226729154586791992e+00,5.677308440208435059e-01,5.479167103767395020e-01
1.184291839599609375e+00,1.252704858779907227e+00,5.660051703453063965e-01,5.395833849906921387e-01
1.186234474182128906e+00,1.224882364273071289e+00,5.547886490821838379e-01,5.520833730697631836e-01
1.196290969848632812e+00,1.250011205673217773e+00,5.452976822853088379e-01,5.458333492279052734e-01
1.197943806648254395e+00,1.215705156326293945e+00,5.504745841026306152e-01,5.562500357627868652e-01
1.175406455993652344e+00,1.210604429244995117e+00,5.608283281326293945e-01,5.541666746139526367e-01
1.189578890800476074e+00,1.223930597305297852e+00,5.608283281326293945e-01,5.583333373069763184e-01
1.170829415321350098e+00,1.247048258781433105e+00,5.522001981735229492e-01,5.604166984558105469e-01
1.181820631027221680e+00,1.186270594596862793e+00,5.660051703453063965e-01,5.583333373069763184e-01
1.178837418556213379e+00,1.223187804222106934e+00,5.616911053657531738e-01,5.541666746139526367e-01
1.179444670677185059e+00,1.223356962203979492e+00,5.641891956329345703e-01,5.666667222976684570e-01
1.131373405456542969e+00,1.196824431419372559e+00,5.668680071830749512e-01,5.625000000000000000e-01
1.183552980422973633e+00,1.200886726379394531e+00,5.487489104270935059e-01,5.687500238418579102e-01
1.168057084083557129e+00,1.241003870964050293e+00,5.547886490821838379e-01,5.583333373069763184e-01
1.144519925117492676e+00,1.225318193435668945e+00,5.729076862335205078e-01,5.500000119209289551e-01
1.174295544624328613e+00,1.188388466835021973e+00,5.625539422035217285e-01,5.895833373069763184e-01
1.149373531341552734e+00,1.212612748146057129e+00,5.703192353248596191e-01,5.770833492279052734e-01
1.147426605224609375e+00,1.191227436065673828e+00,5.660051703453063965e-01,5.687500238418579102e-01
1.153815507888793945e+00,1.192948460578918457e+00,5.729076862335205078e-01,5.666667222976684570e-01
1.153886437416076660e+00,1.198557376861572266e+00,5.729076862335205078e-01,5.812500119209289551e-01
1.133130908012390137e+00,1.202857732772827148e+00,5.810810923576354980e-01,5.729166865348815918e-01
1.157240271568298340e+00,1.208255648612976074e+00,5.823986530303955078e-01,5.687500238418579102e-01
1.144764780998229980e+00,1.191174387931823730e+00,5.616911053657531738e-01,5.708333849906921387e-01
