# train_loss,val_loss,train_acc,val_acc
1.881545305252075195e+00,1.833443880081176758e+00,3.152454793453216553e-01,3.233173191547393799e-01
1.807979941368103027e+00,1.803821325302124023e+00,3.236434161663055420e-01,3.245192468166351318e-01
1.809698581695556641e+00,1.846797108650207520e+00,3.197674453258514404e-01,3.209134638309478760e-01
1.814964294433593750e+00,1.799430131912231445e+00,3.249354064464569092e-01,3.257211744785308838e-01
1.801767587661743164e+00,1.803041696548461914e+00,3.223514258861541748e-01,3.197115361690521240e-01
1.802910447120666504e+00,1.804133296012878418e+00,3.223514258861541748e-01,3.197115361690521240e-01
1.796290516853332520e+00,1.804206132888793945e+00,3.255814015865325928e-01,3.209134638309478760e-01
1.798822999000549316e+00,1.797104716300964355e+00,3.229974210262298584e-01,3.233173191547393799e-01
1.788839817047119141e+00,1.789865851402282715e+00,3.217054307460784912e-01,3.269231021404266357e-01
1.712897896766662598e+00,1.651125550270080566e+00,3.598191440105438232e-01,4.206731021404266357e-01
1.585744619369506836e+00,1.485747337341308594e+00,4.108527302742004395e-01,4.567307829856872559e-01
1.520737051963806152e+00,1.454106211662292480e+00,4.321705400943756104e-01,4.663461744785308838e-01
1.465334773063659668e+00,1.390465736389160156e+00,4.476744234561920166e-01,4.819711744785308838e-01
1.435301065444946289e+00,1.442510128021240234e+00,4.605943262577056885e-01,5.120192766189575195e-01
1.390682697296142578e+00,1.348001956939697266e+00,4.802295863628387451e-01,4.915865659713745117e-01
1.400498509407043457e+00,1.337095737457275391e+00,4.651162922382354736e-01,4.963942468166351318e-01
1.371196269989013672e+00,1.301103472709655762e+00,4.806201756000518799e-01,5.108173489570617676e-01
1.326883316040039062e+00,1.324429869651794434e+00,5.000000000000000000e-01,4.951923191547393799e-01
1.325367450714111328e+00,1.295128107070922852e+00,4.883721172809600830e-01,5.132211446762084961e-01
1.320281028747558594e+00,1.278624773025512695e+00,4.883721172809600830e-01,5.156250000000000000e-01
1.318560838699340820e+00,1.266860008239746094e+00,4.954780638217926025e-01,5.348557829856872559e-01
1.320986390113830566e+00,1.329593062400817871e+00,4.974160194396972656e-01,5.072115659713745117e-01
1.287758111953735352e+00,1.310623407363891602e+00,5.064599514007568359e-01,5.264423489570617676e-01
1.276249289512634277e+00,1.317873597145080566e+00,5.148578882217407227e-01,5.036057829856872559e-01
1.285874009132385254e+00,1.257620692253112793e+00,5.129199028015136719e-01,5.240384936332702637e-01
1.253387808799743652e+00,1.241839528083801270e+00,5.167958736419677734e-01,5.456730723381042480e-01
1.255972862243652344e+00,1.243986010551452637e+00,5.180878639221191406e-01,5.420673489570617676e-01
1.262594223022460938e+00,1.220370650291442871e+00,5.232558250427246094e-01,5.456730723381042480e-01
1.230445623397827148e+00,1.243760108947753906e+00,5.322997570037841797e-01,5.504807829856872559e-01
1.236230731010437012e+00,1.243771433830261230e+00,5.310077667236328125e-01,5.504807829856872559e-01
1.185215234756469727e+00,1.206581950187683105e+00,5.503826141357421875e-01,5.625000000000000000e-01
1.182833075523376465e+00,1.201400637626647949e+00,5.478036403656005859e-01,5.721154212951660156e-01
1.172010421752929688e+00,1.209408164024353027e+00,5.529716014862060547e-01,5.721154212951660156e-01
1.166428446769714355e+00,1.187772393226623535e+00,5.510336160659790039e-01,5.600962042808532715e-01
1.141289114952087402e+00,1.201898336410522461e+00,5.607235431671142578e-01,5.697115659713745117e-01
1.152062773704528809e+00,1.169021010398864746e+00,5.684754848480224609e-01,5.769230723381042480e-01
1.148190855979919434e+00,1.152236223220825195e+00,5.788114070892333984e-01,5.781250000000000000e-01
1.115887522697448730e+00,1.187501311302185059e+00,5.736434459686279297e-01,5.649038553237915039e-01
1.111377000808715820e+00,1.140646338462829590e+00,5.781654119491577148e-01,5.901442766189575195e-01
1.111749887466430664e+00,1.132379293441772461e+00,5.775194168090820312e-01,5.961538553237915039e-01
1.094817757606506348e+00,1.203784346580505371e+00,5.872093439102172852e-01,5.865384936332702637e-01
1.098338007926940918e+00,1.126804947853088379e+00,5.936692953109741211e-01,5.913462042808532715e-01
1.058464646339416504e+00,1.131861090660095215e+00,6.098191142082214355e-01,5.841346383094787598e-01
1.056237339973449707e+00,1.117988824844360352e+00,6.020671725273132324e-01,5.853365659713745117e-01
1.033836364746093750e+00,1.131156802177429199e+00,5.994831919670104980e-01,6.021634936332702637e-01
1.065680146217346191e+00,1.111488103866577148e+00,5.956072211265563965e-01,5.973557829856872559e-01
1.032206058502197266e+00,1.130797266960144043e+00,6.136950850486755371e-01,5.985577106475830078e-01
1.040992259979248047e+00,1.121623039245605469e+00,6.104651093482971191e-01,5.805288553237915039e-01
1.021093606948852539e+00,1.142431855201721191e+00,6.117570996284484863e-01,6.057692766189575195e-01
1.011545419692993164e+00,1.098645687103271484e+00,6.162790656089782715e-01,5.985577106475830078e-01
1.003404140472412109e+00,1.142603993415832520e+00,6.195090413093566895e-01,5.985577106475830078e-01
1.026360869407653809e+00,1.102796792984008789e+00,6.117570996284484863e-01,6.045673489570617676e-01
1.004154086112976074e+00,1.128249764442443848e+00,6.195090413093566895e-01,5.889423489570617676e-01
9.951474666595458984e-01,1.162388086318969727e+00,6.233850121498107910e-01,5.769230723381042480e-01
9.790771603584289551e-01,1.087341666221618652e+00,6.311369538307189941e-01,6.201923489570617676e-01
1.008149981498718262e+00,1.095937609672546387e+00,6.149870753288269043e-01,6.057692766189575195e-01
9.987738728523254395e-01,1.126973152160644531e+00,6.220930218696594238e-01,6.081730723381042480e-01
9.692033529281616211e-01,1.142923235893249512e+00,6.272609829902648926e-01,6.105769276618957520e-01
9.694727659225463867e-01,1.149858832359313965e+00,6.350129246711730957e-01,5.973557829856872559e-01
9.650536179542541504e-01,1.146550774574279785e+00,6.311369538307189941e-01,5.973557829856872559e-01
9.685475230216979980e-01,1.127979159355163574e+00,6.356589198112487793e-01,5.829327106475830078e-01
9.449616670608520508e-01,1.206963539123535156e+00,6.414728760719299316e-01,5.649038553237915039e-01
9.399421215057373047e-01,1.159879922866821289e+00,6.421188712120056152e-01,5.997596383094787598e-01
9.347336292266845703e-01,1.129913091659545898e+00,6.434108614921569824e-01,6.057692766189575195e-01
9.249944686889648438e-01,1.151489615440368652e+00,6.388888955116271973e-01,6.117788553237915039e-01
9.132033586502075195e-01,1.133420705795288086e+00,6.472868323326110840e-01,5.997596383094787598e-01
9.295583367347717285e-01,1.097797155380249023e+00,6.485788226127624512e-01,5.961538553237915039e-01
8.959216475486755371e-01,1.198083758354187012e+00,6.582687497138977051e-01,5.576923489570617676e-01
8.888897299766540527e-01,1.189244151115417480e+00,6.737726330757141113e-01,5.853365659713745117e-01
8.866739869117736816e-01,1.219504356384277344e+00,6.556847691535949707e-01,5.733173489570617676e-01
8.600267767906188965e-01,1.252712607383728027e+00,6.690050959587097168e-01,5.757212042808532715e-01
8.789064288139343262e-01,1.267958164215087891e+00,6.608527302742004395e-01,5.661057829856872559e-01
8.619127869606018066e-01,1.243360757827758789e+00,6.666666865348815918e-01,5.829327106475830078e-01
8.360013365745544434e-01,1.291589617729187012e+00,6.763566136360168457e-01,5.408654212951660156e-01
8.326849341392517090e-01,1.261094808578491211e+00,6.763566136360168457e-01,5.637019276618957520e-01
8.209750652313232422e-01,1.318943619728088379e+00,6.957364678382873535e-01,5.865384936332702637e-01
8.061110377311706543e-01,1.263770341873168945e+00,6.892765164375305176e-01,5.528846383094787598e-01
8.317462801933288574e-01,1.283616662025451660e+00,6.925064921379089355e-01,5.673077106475830078e-01
7.722194790840148926e-01,1.262362837791442871e+00,6.983204483985900879e-01,6.033654212951660156e-01
8.000606894493103027e-01,1.369858741760253906e+00,6.854005455970764160e-01,5.745192766189575195e-01
