# train_loss,val_loss,train_acc,val_acc
1.944075584411621094e+00,1.944258689880371094e+00,1.562500000000000000e-01,1.562500000000000000e-01
1.948961257934570312e+00,1.941837191581726074e+00,1.666666716337203979e-01,1.562500000000000000e-01
1.948397636413574219e+00,1.945813655853271484e+00,1.354166716337203979e-01,1.562500000000000000e-01
1.943582177162170410e+00,1.941694259643554688e+00,1.805555522441864014e-01,9.375000000000000000e-02
1.945706725120544434e+00,1.943312406539916992e+00,1.944444477558135986e-01,9.375000000000000000e-02
1.952053070068359375e+00,1.944315671920776367e+00,9.722222387790679932e-02,9.375000000000000000e-02
1.941700220108032227e+00,1.945675015449523926e+00,2.083333283662796021e-01,9.375000000000000000e-02
1.941914081573486328e+00,1.943750381469726562e+00,1.111111119389533997e-01,1.562500000000000000e-01
1.943161845207214355e+00,1.942310810089111328e+00,1.527777761220932007e-01,1.250000000000000000e-01
1.943548440933227539e+00,1.945080041885375977e+00,2.222222238779067993e-01,1.250000000000000000e-01
1.938158273696899414e+00,1.939587116241455078e+00,1.666666716337203979e-01,1.250000000000000000e-01
1.945677518844604492e+00,1.947310805320739746e+00,1.666666716337203979e-01,6.250000000000000000e-02
1.945809006690979004e+00,1.946214199066162109e+00,2.222222238779067993e-01,1.250000000000000000e-01
1.938546776771545410e+00,1.947625160217285156e+00,1.805555522441864014e-01,9.375000000000000000e-02
1.934771776199340820e+00,1.955153703689575195e+00,2.083333432674407959e-01,6.250000000000000000e-02
1.933932065963745117e+00,1.953636646270751953e+00,1.770833432674407959e-01,9.375000000000000000e-02
1.933914184570312500e+00,1.957083582878112793e+00,1.805555522441864014e-01,6.250000000000000000e-02
1.929431676864624023e+00,1.957762837409973145e+00,2.638888955116271973e-01,9.375000000000000000e-02
1.935312271118164062e+00,1.958956480026245117e+00,1.527777761220932007e-01,6.250000000000000000e-02
1.934847116470336914e+00,1.962348699569702148e+00,2.083333432674407959e-01,6.250000000000000000e-02
1.930799722671508789e+00,1.967879533767700195e+00,1.805555522441864014e-01,6.250000000000000000e-02
1.932096838951110840e+00,1.969045162200927734e+00,2.187500000000000000e-01,6.250000000000000000e-02
1.935110807418823242e+00,1.963032960891723633e+00,1.666666716337203979e-01,9.375000000000000000e-02
1.934899210929870605e+00,1.961517930030822754e+00,1.666666716337203979e-01,9.375000000000000000e-02
1.930599689483642578e+00,1.978856563568115234e+00,2.361111193895339966e-01,6.250000000000000000e-02
1.938483595848083496e+00,1.973623633384704590e+00,1.944444477558135986e-01,9.375000000000000000e-02
1.955120086669921875e+00,1.966191172599792480e+00,1.111111119389533997e-01,3.125000000000000000e-02
1.946961283683776855e+00,1.961835861206054688e+00,9.722222387790679932e-02,9.375000000000000000e-02
1.935178399085998535e+00,1.967458128929138184e+00,2.083333283662796021e-01,6.250000000000000000e-02
1.932988047599792480e+00,1.960984468460083008e+00,2.083333283662796021e-01,9.375000000000000000e-02
1.939952850341796875e+00,1.957939624786376953e+00,1.944444477558135986e-01,9.375000000000000000e-02
1.936265707015991211e+00,1.957597374916076660e+00,1.944444477558135986e-01,9.375000000000000000e-02
1.939283609390258789e+00,1.958415031433105469e+00,1.666666716337203979e-01,1.250000000000000000e-01
1.938813209533691406e+00,1.975877165794372559e+00,1.770833432674407959e-01,6.250000000000000000e-02
1.937402367591857910e+00,1.973261952400207520e+00,2.083333283662796021e-01,3.125000000000000000e-02
1.934808135032653809e+00,1.966459512710571289e+00,2.083333432674407959e-01,9.375000000000000000e-02
1.940396189689636230e+00,1.968051910400390625e+00,1.666666716337203979e-01,9.375000000000000000e-02
1.926169753074645996e+00,1.974899291992187500e+00,2.361111193895339966e-01,6.250000000000000000e-02
1.930272817611694336e+00,1.970277547836303711e+00,1.875000000000000000e-01,9.375000000000000000e-02
1.921077728271484375e+00,1.966232895851135254e+00,2.500000000000000000e-01,9.375000000000000000e-02
1.919431924819946289e+00,1.984645605087280273e+00,2.361111193895339966e-01,9.375000000000000000e-02
1.936265707015991211e+00,1.974919557571411133e+00,2.361111193895339966e-01,9.375000000000000000e-02
1.929435491561889648e+00,1.974224567413330078e+00,1.944444477558135986e-01,6.250000000000000000e-02
1.933707833290100098e+00,1.981041550636291504e+00,2.083333283662796021e-01,9.375000000000000000e-02
1.912273406982421875e+00,1.967588186264038086e+00,2.777777910232543945e-01,1.250000000000000000e-01
1.918495416641235352e+00,1.999960780143737793e+00,1.944444477558135986e-01,6.250000000000000000e-02
1.909478068351745605e+00,1.996286034584045410e+00,2.222222238779067993e-01,6.250000000000000000e-02
1.920293211936950684e+00,2.001774787902832031e+00,2.083333432674407959e-01,3.125000000000000000e-02
1.931007146835327148e+00,1.973431944847106934e+00,1.875000000000000000e-01,1.250000000000000000e-01
1.935861349105834961e+00,1.980376482009887695e+00,2.083333283662796021e-01,9.375000000000000000e-02
1.923670053482055664e+00,2.001363277435302734e+00,2.500000000000000000e-01,6.250000000000000000e-02
1.917926788330078125e+00,1.998300075531005859e+00,2.222222238779067993e-01,3.125000000000000000e-02
1.919616341590881348e+00,2.009906291961669922e+00,2.083333283662796021e-01,9.375000000000000000e-02
1.930801391601562500e+00,2.010512828826904297e+00,1.979166716337203979e-01,6.250000000000000000e-02
1.916614532470703125e+00,1.983433604240417480e+00,2.222222238779067993e-01,9.375000000000000000e-02
1.946364998817443848e+00,1.987984657287597656e+00,1.666666716337203979e-01,1.250000000000000000e-01
1.948979020118713379e+00,1.979834079742431641e+00,2.361111193895339966e-01,1.250000000000000000e-01
1.944420695304870605e+00,1.974285602569580078e+00,1.805555522441864014e-01,9.375000000000000000e-02
1.926962733268737793e+00,1.959204196929931641e+00,1.944444477558135986e-01,1.250000000000000000e-01
1.927009820938110352e+00,1.999769806861877441e+00,2.083333283662796021e-01,3.125000000000000000e-02
1.943587422370910645e+00,1.977713108062744141e+00,1.805555522441864014e-01,9.375000000000000000e-02
1.909287810325622559e+00,1.998522996902465820e+00,2.361111193895339966e-01,9.375000000000000000e-02
1.948480367660522461e+00,1.967542290687561035e+00,1.527777761220932007e-01,1.250000000000000000e-01
1.914866089820861816e+00,1.995774745941162109e+00,2.500000000000000000e-01,6.250000000000000000e-02
1.929598927497863770e+00,1.985854983329772949e+00,2.083333283662796021e-01,9.375000000000000000e-02
1.930521249771118164e+00,1.983116149902343750e+00,1.805555522441864014e-01,9.375000000000000000e-02
1.933640360832214355e+00,1.982189893722534180e+00,1.666666716337203979e-01,9.375000000000000000e-02
1.939942479133605957e+00,2.003588438034057617e+00,1.944444477558135986e-01,6.250000000000000000e-02
1.908753275871276855e+00,1.990267038345336914e+00,2.361111193895339966e-01,9.375000000000000000e-02
1.920191407203674316e+00,1.995801210403442383e+00,2.083333283662796021e-01,9.375000000000000000e-02
1.921415567398071289e+00,1.992769718170166016e+00,2.222222238779067993e-01,1.250000000000000000e-01
1.925972461700439453e+00,2.008684158325195312e+00,1.805555522441864014e-01,9.375000000000000000e-02
1.889896392822265625e+00,2.013797044754028320e+00,2.500000000000000000e-01,6.250000000000000000e-02
1.921482086181640625e+00,1.981671929359436035e+00,2.361111193895339966e-01,1.250000000000000000e-01
1.910833120346069336e+00,1.986759066581726074e+00,2.361111193895339966e-01,1.250000000000000000e-01
1.938448190689086914e+00,2.005825996398925781e+00,1.944444477558135986e-01,6.250000000000000000e-02
1.925476074218750000e+00,2.004473924636840820e+00,2.083333283662796021e-01,9.375000000000000000e-02
1.929460287094116211e+00,1.991580247879028320e+00,2.083333283662796021e-01,1.250000000000000000e-01
1.926659345626831055e+00,2.034299850463867188e+00,2.187500000000000000e-01,3.125000000000000000e-02
1.929722070693969727e+00,2.018871784210205078e+00,2.083333283662796021e-01,9.375000000000000000e-02
1.929008483886718750e+00,1.994828939437866211e+00,1.944444477558135986e-01,1.250000000000000000e-01
1.927297592163085938e+00,2.013319730758666992e+00,1.875000000000000000e-01,6.250000000000000000e-02
1.931582450866699219e+00,2.001356124877929688e+00,2.083333432674407959e-01,9.375000000000000000e-02
1.932296752929687500e+00,2.017448186874389648e+00,1.944444477558135986e-01,9.375000000000000000e-02
1.920323729515075684e+00,2.051138401031494141e+00,2.083333283662796021e-01,3.125000000000000000e-02
1.905081033706665039e+00,2.032424449920654297e+00,2.222222238779067993e-01,9.375000000000000000e-02
1.920152425765991211e+00,2.010589122772216797e+00,2.222222238779067993e-01,9.375000000000000000e-02
1.915515065193176270e+00,2.030438423156738281e+00,2.500000000000000000e-01,9.375000000000000000e-02
1.916073083877563477e+00,1.995678186416625977e+00,1.944444477558135986e-01,1.250000000000000000e-01
1.930649280548095703e+00,2.025143623352050781e+00,2.083333283662796021e-01,9.375000000000000000e-02
1.935906767845153809e+00,2.020105123519897461e+00,1.805555522441864014e-01,6.250000000000000000e-02
1.916608572006225586e+00,2.016837358474731445e+00,2.361111193895339966e-01,9.375000000000000000e-02
1.943256855010986328e+00,2.037460803985595703e+00,1.805555522441864014e-01,9.375000000000000000e-02
1.917770981788635254e+00,1.996371746063232422e+00,2.222222238779067993e-01,1.250000000000000000e-01
1.895883560180664062e+00,2.015953540802001953e+00,2.187500000000000000e-01,9.375000000000000000e-02
1.943497180938720703e+00,1.988876581192016602e+00,2.222222238779067993e-01,1.250000000000000000e-01
1.932911396026611328e+00,1.998724818229675293e+00,1.805555522441864014e-01,9.375000000000000000e-02
1.921753644943237305e+00,2.033892631530761719e+00,2.083333432674407959e-01,6.250000000000000000e-02
1.923280119895935059e+00,2.045049428939819336e+00,2.083333283662796021e-01,6.250000000000000000e-02
1.935974597930908203e+00,2.062123298645019531e+00,1.979166716337203979e-01,0.000000000000000000e+00
1.938061237335205078e+00,2.005992889404296875e+00,1.944444477558135986e-01,9.375000000000000000e-02
1.895078301429748535e+00,2.021883964538574219e+00,2.222222238779067993e-01,9.375000000000000000e-02
1.913588404655456543e+00,2.011393070220947266e+00,1.979166716337203979e-01,9.375000000000000000e-02
1.935142159461975098e+00,2.032544612884521484e+00,1.666666716337203979e-01,6.250000000000000000e-02
1.916048049926757812e+00,2.034745216369628906e+00,2.222222238779067993e-01,6.250000000000000000e-02
1.923802256584167480e+00,2.002302408218383789e+00,1.944444477558135986e-01,9.375000000000000000e-02
1.933940052986145020e+00,2.005964517593383789e+00,2.222222238779067993e-01,6.250000000000000000e-02
1.922329425811767578e+00,2.000453710556030273e+00,2.083333283662796021e-01,1.250000000000000000e-01
1.933773756027221680e+00,2.012838363647460938e+00,1.979166716337203979e-01,6.250000000000000000e-02
1.915879607200622559e+00,1.975219488143920898e+00,1.944444477558135986e-01,1.250000000000000000e-01
1.934286713600158691e+00,1.999414086341857910e+00,1.805555522441864014e-01,1.250000000000000000e-01
1.927831411361694336e+00,2.002410411834716797e+00,1.944444477558135986e-01,1.250000000000000000e-01
1.931358337402343750e+00,1.968785643577575684e+00,1.944444477558135986e-01,1.250000000000000000e-01
1.921135544776916504e+00,1.981674671173095703e+00,1.944444477558135986e-01,1.250000000000000000e-01
1.926949381828308105e+00,2.035211086273193359e+00,1.944444477558135986e-01,6.250000000000000000e-02
1.927125215530395508e+00,1.994160652160644531e+00,1.979166716337203979e-01,9.375000000000000000e-02
1.920820832252502441e+00,1.995123744010925293e+00,2.222222238779067993e-01,9.375000000000000000e-02
1.898104786872863770e+00,2.002829074859619141e+00,2.638888955116271973e-01,9.375000000000000000e-02
1.910352468490600586e+00,2.019929885864257812e+00,2.638888955116271973e-01,6.250000000000000000e-02
1.943231344223022461e+00,1.998853445053100586e+00,1.666666716337203979e-01,9.375000000000000000e-02
1.913283705711364746e+00,1.986529111862182617e+00,2.083333283662796021e-01,9.375000000000000000e-02
1.935756921768188477e+00,2.015758514404296875e+00,1.805555522441864014e-01,6.250000000000000000e-02
1.912059187889099121e+00,1.987956404685974121e+00,2.222222238779067993e-01,1.250000000000000000e-01
1.924918055534362793e+00,2.005615234375000000e+00,2.083333283662796021e-01,9.375000000000000000e-02
1.927124023437500000e+00,2.024064064025878906e+00,1.944444477558135986e-01,9.375000000000000000e-02
1.933845281600952148e+00,1.974831581115722656e+00,1.666666716337203979e-01,1.250000000000000000e-01
1.947959661483764648e+00,2.011210918426513672e+00,9.722222387790679932e-02,6.250000000000000000e-02
1.911519885063171387e+00,2.008631944656372070e+00,2.083333432674407959e-01,6.250000000000000000e-02
1.931470274925231934e+00,1.972611188888549805e+00,1.979166716337203979e-01,1.250000000000000000e-01
1.939632177352905273e+00,2.026726245880126953e+00,1.944444477558135986e-01,3.125000000000000000e-02
1.914025902748107910e+00,2.003799915313720703e+00,2.361111193895339966e-01,6.250000000000000000e-02
1.923929452896118164e+00,2.016637802124023438e+00,1.805555522441864014e-01,6.250000000000000000e-02
1.944643616676330566e+00,1.988538265228271484e+00,1.666666716337203979e-01,1.250000000000000000e-01
1.924368977546691895e+00,2.019072055816650391e+00,1.805555522441864014e-01,1.250000000000000000e-01
1.961941242218017578e+00,1.982451319694519043e+00,1.388888955116271973e-01,1.250000000000000000e-01
1.922446608543395996e+00,2.006437778472900391e+00,2.222222238779067993e-01,9.375000000000000000e-02
1.908583521842956543e+00,2.014705657958984375e+00,2.083333283662796021e-01,6.250000000000000000e-02
1.930350542068481445e+00,1.998083829879760742e+00,2.187500000000000000e-01,9.375000000000000000e-02
1.903170704841613770e+00,2.027326583862304688e+00,1.944444477558135986e-01,6.250000000000000000e-02
1.938965678215026855e+00,1.992652058601379395e+00,2.083333283662796021e-01,1.250000000000000000e-01
1.920868992805480957e+00,2.022372245788574219e+00,1.805555522441864014e-01,6.250000000000000000e-02
1.931992530822753906e+00,1.993780612945556641e+00,1.979166716337203979e-01,9.375000000000000000e-02
1.903229355812072754e+00,1.998471140861511230e+00,2.638888955116271973e-01,9.375000000000000000e-02
1.928308963775634766e+00,2.038548469543457031e+00,1.388888955116271973e-01,9.375000000000000000e-02
1.902052760124206543e+00,2.059043884277343750e+00,1.944444477558135986e-01,3.125000000000000000e-02
1.922995448112487793e+00,2.032693624496459961e+00,1.944444477558135986e-01,9.375000000000000000e-02
1.926776409149169922e+00,2.027185678482055664e+00,2.187500000000000000e-01,6.250000000000000000e-02
1.925692081451416016e+00,2.029274940490722656e+00,2.222222238779067993e-01,6.250000000000000000e-02
1.949605345726013184e+00,1.999706149101257324e+00,2.222222238779067993e-01,1.250000000000000000e-01
1.922580957412719727e+00,1.998827576637268066e+00,2.083333283662796021e-01,9.375000000000000000e-02
1.913338303565979004e+00,1.994035124778747559e+00,2.361111193895339966e-01,6.250000000000000000e-02
1.922670841217041016e+00,2.018964290618896484e+00,1.944444477558135986e-01,9.375000000000000000e-02
1.918991804122924805e+00,2.027504444122314453e+00,2.083333432674407959e-01,6.250000000000000000e-02
1.945332169532775879e+00,1.997648119926452637e+00,1.805555522441864014e-01,9.375000000000000000e-02
1.919987559318542480e+00,2.024363994598388672e+00,2.083333283662796021e-01,6.250000000000000000e-02
1.957714557647705078e+00,1.975850820541381836e+00,1.666666716337203979e-01,1.250000000000000000e-01
1.902903676033020020e+00,1.974692702293395996e+00,2.361111193895339966e-01,1.250000000000000000e-01
1.926740646362304688e+00,2.010536670684814453e+00,1.944444477558135986e-01,9.375000000000000000e-02
1.922754526138305664e+00,2.013236045837402344e+00,1.944444477558135986e-01,6.250000000000000000e-02
1.915924310684204102e+00,2.006417989730834961e+00,2.083333432674407959e-01,9.375000000000000000e-02
1.928205490112304688e+00,2.017150878906250000e+00,1.944444477558135986e-01,6.250000000000000000e-02
1.916854858398437500e+00,2.002864837646484375e+00,2.083333283662796021e-01,9.375000000000000000e-02
1.914862751960754395e+00,2.001565456390380859e+00,2.083333283662796021e-01,6.250000000000000000e-02
1.927753806114196777e+00,2.010267257690429688e+00,2.083333432674407959e-01,6.250000000000000000e-02
1.912288308143615723e+00,1.996382117271423340e+00,1.944444477558135986e-01,9.375000000000000000e-02
1.930743575096130371e+00,2.009915351867675781e+00,1.805555522441864014e-01,6.250000000000000000e-02
1.919116973876953125e+00,1.991673946380615234e+00,1.944444477558135986e-01,9.375000000000000000e-02
1.918434739112854004e+00,2.016146183013916016e+00,2.222222238779067993e-01,3.125000000000000000e-02
1.916736960411071777e+00,1.990781784057617188e+00,2.291666716337203979e-01,9.375000000000000000e-02
1.917854785919189453e+00,1.978815317153930664e+00,2.361111193895339966e-01,1.250000000000000000e-01
1.923204183578491211e+00,2.034216403961181641e+00,2.222222238779067993e-01,6.250000000000000000e-02
1.912045836448669434e+00,2.012328386306762695e+00,2.222222238779067993e-01,9.375000000000000000e-02
1.904473900794982910e+00,2.012734889984130859e+00,2.500000000000000000e-01,9.375000000000000000e-02
1.923816323280334473e+00,2.035377025604248047e+00,1.805555522441864014e-01,6.250000000000000000e-02
1.916674494743347168e+00,2.014900684356689453e+00,2.222222238779067993e-01,9.375000000000000000e-02
1.934097290039062500e+00,2.039435386657714844e+00,1.770833432674407959e-01,3.125000000000000000e-02
1.900488495826721191e+00,2.009649991989135742e+00,1.944444477558135986e-01,9.375000000000000000e-02
1.922639608383178711e+00,1.989340782165527344e+00,1.979166716337203979e-01,1.250000000000000000e-01
1.928036451339721680e+00,2.041477680206298828e+00,1.875000000000000000e-01,3.125000000000000000e-02
1.924125671386718750e+00,2.028137207031250000e+00,2.187500000000000000e-01,6.250000000000000000e-02
1.926978707313537598e+00,2.021859169006347656e+00,1.666666716337203979e-01,6.250000000000000000e-02
1.949559807777404785e+00,1.976192116737365723e+00,1.805555522441864014e-01,1.250000000000000000e-01
1.945438861846923828e+00,1.981769919395446777e+00,1.666666716337203979e-01,1.250000000000000000e-01
1.934311509132385254e+00,1.983574151992797852e+00,1.805555522441864014e-01,9.375000000000000000e-02
1.925930619239807129e+00,1.995116949081420898e+00,1.944444477558135986e-01,1.250000000000000000e-01
1.933870911598205566e+00,2.005875587463378906e+00,1.805555522441864014e-01,6.250000000000000000e-02
1.934805989265441895e+00,1.996314764022827148e+00,1.944444477558135986e-01,6.250000000000000000e-02
1.914144277572631836e+00,1.995568871498107910e+00,1.944444477558135986e-01,6.250000000000000000e-02
1.911187052726745605e+00,1.987457275390625000e+00,2.361111193895339966e-01,9.375000000000000000e-02
1.911600351333618164e+00,2.007774114608764648e+00,2.222222238779067993e-01,6.250000000000000000e-02
1.936264753341674805e+00,1.998114824295043945e+00,1.562500000000000000e-01,6.250000000000000000e-02
1.924210309982299805e+00,1.994509458541870117e+00,1.979166716337203979e-01,9.375000000000000000e-02
1.940500497817993164e+00,2.005306959152221680e+00,2.083333283662796021e-01,3.125000000000000000e-02
1.929172515869140625e+00,1.959400415420532227e+00,1.979166716337203979e-01,1.250000000000000000e-01
1.906063556671142578e+00,2.004853010177612305e+00,2.222222238779067993e-01,6.250000000000000000e-02
1.916206359863281250e+00,2.005904674530029297e+00,2.083333283662796021e-01,6.250000000000000000e-02
1.909746170043945312e+00,1.970926284790039062e+00,2.222222238779067993e-01,9.375000000000000000e-02
1.914238452911376953e+00,1.996591091156005859e+00,2.083333283662796021e-01,9.375000000000000000e-02
1.932068347930908203e+00,1.972326755523681641e+00,1.666666716337203979e-01,1.250000000000000000e-01
1.915436983108520508e+00,1.984671592712402344e+00,2.083333432674407959e-01,9.375000000000000000e-02
