# train_loss,val_loss,train_acc,val_acc
1.951011061668395996e+00,1.945522308349609375e+00,1.458333432674407959e-01,2.187500000000000000e-01
1.949034571647644043e+00,1.943283319473266602e+00,1.250000000000000000e-01,2.187500000000000000e-01
1.948503255844116211e+00,1.946588516235351562e+00,1.527777761220932007e-01,2.812500000000000000e-01
1.946755766868591309e+00,1.953241467475891113e+00,1.354166716337203979e-01,1.562500000000000000e-01
1.946268081665039062e+00,1.948829889297485352e+00,1.145833358168601990e-01,2.187500000000000000e-01
1.940956115722656250e+00,1.946226835250854492e+00,1.805555522441864014e-01,6.250000000000000000e-02
1.942553877830505371e+00,1.956240296363830566e+00,1.527777761220932007e-01,3.125000000000000000e-02
1.942301392555236816e+00,1.960126638412475586e+00,1.388888955116271973e-01,3.125000000000000000e-02
1.939120650291442871e+00,1.954115271568298340e+00,1.666666716337203979e-01,6.250000000000000000e-02
1.939540863037109375e+00,1.960290670394897461e+00,1.250000000000000000e-01,6.250000000000000000e-02
1.941290140151977539e+00,1.969750523567199707e+00,1.770833432674407959e-01,0.000000000000000000e+00
1.939937233924865723e+00,1.950194120407104492e+00,1.666666716337203979e-01,9.375000000000000000e-02
1.933896660804748535e+00,1.959281206130981445e+00,1.805555522441864014e-01,6.250000000000000000e-02
1.937434315681457520e+00,1.971391201019287109e+00,2.222222238779067993e-01,6.250000000000000000e-02
1.938439249992370605e+00,1.964718341827392578e+00,1.666666716337203979e-01,9.375000000000000000e-02
1.935043096542358398e+00,1.962005138397216797e+00,2.500000000000000000e-01,9.375000000000000000e-02
1.932035684585571289e+00,1.964647173881530762e+00,2.361111193895339966e-01,6.250000000000000000e-02
1.938414692878723145e+00,1.966265201568603516e+00,1.666666716337203979e-01,9.375000000000000000e-02
1.934015512466430664e+00,1.964679718017578125e+00,2.083333432674407959e-01,9.375000000000000000e-02
1.933772563934326172e+00,1.968046665191650391e+00,1.979166716337203979e-01,6.250000000000000000e-02
1.931573510169982910e+00,1.971230745315551758e+00,2.222222238779067993e-01,6.250000000000000000e-02
1.938260436058044434e+00,1.961417198181152344e+00,1.944444477558135986e-01,9.375000000000000000e-02
1.929944992065429688e+00,1.983435869216918945e+00,1.944444477558135986e-01,6.250000000000000000e-02
1.934004068374633789e+00,1.961868166923522949e+00,2.083333283662796021e-01,9.375000000000000000e-02
1.929608225822448730e+00,1.973477840423583984e+00,2.083333283662796021e-01,9.375000000000000000e-02
1.927620768547058105e+00,1.964450597763061523e+00,2.222222238779067993e-01,1.250000000000000000e-01
1.931229352951049805e+00,1.969457626342773438e+00,1.979166716337203979e-01,9.375000000000000000e-02
1.924037933349609375e+00,1.991343259811401367e+00,2.361111193895339966e-01,3.125000000000000000e-02
1.917158722877502441e+00,1.963387608528137207e+00,2.361111193895339966e-01,1.250000000000000000e-01
1.929529666900634766e+00,1.972577571868896484e+00,1.944444477558135986e-01,9.375000000000000000e-02
1.923734664916992188e+00,2.002081871032714844e+00,2.187500000000000000e-01,3.125000000000000000e-02
1.931422233581542969e+00,1.992280244827270508e+00,1.979166716337203979e-01,9.375000000000000000e-02
1.929537296295166016e+00,1.996304869651794434e+00,1.944444477558135986e-01,6.250000000000000000e-02
1.929527759552001953e+00,1.980202078819274902e+00,1.979166716337203979e-01,9.375000000000000000e-02
1.922518014907836914e+00,1.996335029602050781e+00,2.083333432674407959e-01,9.375000000000000000e-02
1.933011054992675781e+00,1.987644672393798828e+00,1.875000000000000000e-01,9.375000000000000000e-02
1.936507821083068848e+00,1.983280420303344727e+00,1.666666716337203979e-01,9.375000000000000000e-02
1.933852553367614746e+00,1.973144769668579102e+00,1.944444477558135986e-01,9.375000000000000000e-02
1.924483895301818848e+00,1.988778829574584961e+00,2.222222238779067993e-01,9.375000000000000000e-02
1.952490448951721191e+00,1.998328447341918945e+00,1.388888955116271973e-01,6.250000000000000000e-02
1.944441914558410645e+00,1.981801509857177734e+00,1.666666716337203979e-01,9.375000000000000000e-02
1.926240921020507812e+00,2.005216121673583984e+00,1.944444477558135986e-01,6.250000000000000000e-02
1.938895821571350098e+00,1.975171923637390137e+00,1.666666716337203979e-01,9.375000000000000000e-02
1.920792937278747559e+00,1.977736949920654297e+00,2.083333432674407959e-01,9.375000000000000000e-02
1.923021554946899414e+00,1.969730615615844727e+00,2.222222238779067993e-01,1.250000000000000000e-01
1.928607463836669922e+00,1.971827507019042969e+00,2.083333432674407959e-01,1.250000000000000000e-01
1.927834391593933105e+00,1.979688882827758789e+00,2.083333283662796021e-01,9.375000000000000000e-02
1.932943940162658691e+00,1.979345202445983887e+00,1.944444477558135986e-01,9.375000000000000000e-02
1.926106810569763184e+00,1.972723722457885742e+00,1.979166716337203979e-01,1.250000000000000000e-01
1.919250130653381348e+00,1.975488781929016113e+00,2.222222238779067993e-01,1.250000000000000000e-01
1.919602394104003906e+00,2.005511760711669922e+00,2.187500000000000000e-01,6.250000000000000000e-02
1.913339853286743164e+00,1.988830327987670898e+00,2.361111193895339966e-01,9.375000000000000000e-02
1.927600026130676270e+00,1.995933055877685547e+00,1.805555522441864014e-01,6.250000000000000000e-02
1.921366572380065918e+00,1.969883680343627930e+00,2.083333283662796021e-01,1.250000000000000000e-01
1.923760533332824707e+00,1.969120860099792480e+00,1.944444477558135986e-01,1.250000000000000000e-01
1.916005849838256836e+00,1.996229171752929688e+00,2.083333283662796021e-01,9.375000000000000000e-02
1.926884651184082031e+00,1.993354678153991699e+00,2.083333432674407959e-01,1.250000000000000000e-01
1.928200602531433105e+00,1.992315769195556641e+00,1.805555522441864014e-01,9.375000000000000000e-02
1.926562666893005371e+00,2.003158092498779297e+00,1.979166716337203979e-01,6.250000000000000000e-02
1.924081563949584961e+00,1.984074234962463379e+00,1.944444477558135986e-01,9.375000000000000000e-02
1.907580494880676270e+00,2.008522987365722656e+00,2.500000000000000000e-01,6.250000000000000000e-02
1.909277200698852539e+00,1.982072591781616211e+00,2.083333283662796021e-01,1.250000000000000000e-01
1.929644465446472168e+00,2.020041942596435547e+00,2.222222238779067993e-01,3.125000000000000000e-02
1.904886245727539062e+00,1.985349774360656738e+00,2.222222238779067993e-01,9.375000000000000000e-02
1.920708894729614258e+00,1.976917028427124023e+00,2.083333432674407959e-01,9.375000000000000000e-02
1.929207444190979004e+00,1.982351064682006836e+00,1.944444477558135986e-01,9.375000000000000000e-02
1.946297168731689453e+00,1.996639013290405273e+00,1.666666716337203979e-01,6.250000000000000000e-02
1.920111775398254395e+00,2.008458852767944336e+00,2.083333283662796021e-01,6.250000000000000000e-02
1.934011459350585938e+00,2.021288394927978516e+00,1.805555522441864014e-01,6.250000000000000000e-02
1.916873574256896973e+00,1.978433012962341309e+00,2.222222238779067993e-01,1.250000000000000000e-01
1.922662973403930664e+00,2.000852346420288086e+00,2.187500000000000000e-01,9.375000000000000000e-02
1.917532324790954590e+00,1.994189620018005371e+00,2.083333432674407959e-01,9.375000000000000000e-02
1.915739655494689941e+00,1.998440265655517578e+00,2.083333283662796021e-01,9.375000000000000000e-02
1.921470642089843750e+00,1.987032055854797363e+00,1.944444477558135986e-01,1.250000000000000000e-01
1.923651337623596191e+00,1.997951149940490723e+00,2.361111193895339966e-01,6.250000000000000000e-02
1.928104758262634277e+00,1.988869667053222656e+00,1.875000000000000000e-01,1.250000000000000000e-01
1.921155929565429688e+00,2.004007816314697266e+00,2.083333432674407959e-01,6.250000000000000000e-02
1.925562739372253418e+00,2.003305435180664062e+00,1.944444477558135986e-01,9.375000000000000000e-02
1.915551900863647461e+00,2.007603168487548828e+00,2.083333283662796021e-01,9.375000000000000000e-02
1.917609095573425293e+00,1.984152197837829590e+00,1.944444477558135986e-01,1.250000000000000000e-01
1.925698161125183105e+00,1.988511085510253906e+00,1.805555522441864014e-01,9.375000000000000000e-02
1.929411768913269043e+00,2.012549400329589844e+00,1.805555522441864014e-01,6.250000000000000000e-02
1.929989695549011230e+00,1.975560903549194336e+00,2.083333283662796021e-01,1.250000000000000000e-01
1.924395442008972168e+00,1.987912893295288086e+00,1.944444477558135986e-01,9.375000000000000000e-02
1.922520875930786133e+00,1.980175018310546875e+00,1.979166716337203979e-01,9.375000000000000000e-02
1.910209417343139648e+00,1.973225355148315430e+00,2.222222238779067993e-01,1.250000000000000000e-01
1.921638488769531250e+00,1.987541675567626953e+00,2.222222238779067993e-01,9.375000000000000000e-02
1.922357559204101562e+00,2.012091636657714844e+00,2.083333283662796021e-01,6.250000000000000000e-02
1.917225122451782227e+00,1.998099088668823242e+00,2.361111193895339966e-01,9.375000000000000000e-02
1.923394083976745605e+00,1.963441371917724609e+00,2.083333283662796021e-01,1.250000000000000000e-01
1.915861964225769043e+00,1.997104287147521973e+00,2.222222238779067993e-01,9.375000000000000000e-02
1.908361673355102539e+00,1.988746643066406250e+00,2.361111193895339966e-01,9.375000000000000000e-02
1.943657398223876953e+00,2.014350414276123047e+00,1.388888955116271973e-01,3.125000000000000000e-02
1.944704651832580566e+00,1.987135291099548340e+00,1.388888955116271973e-01,9.375000000000000000e-02
1.923647880554199219e+00,1.982782721519470215e+00,2.083333432674407959e-01,1.250000000000000000e-01
1.933650612831115723e+00,1.998465061187744141e+00,1.944444477558135986e-01,6.250000000000000000e-02
1.930069208145141602e+00,1.993907928466796875e+00,1.944444477558135986e-01,1.250000000000000000e-01
1.926229953765869141e+00,2.028762340545654297e+00,2.083333283662796021e-01,3.125000000000000000e-02
1.918009519577026367e+00,2.008064985275268555e+00,2.083333432674407959e-01,6.250000000000000000e-02
1.925479650497436523e+00,2.002259254455566406e+00,1.979166716337203979e-01,9.375000000000000000e-02
1.914180755615234375e+00,1.982638597488403320e+00,2.361111193895339966e-01,1.250000000000000000e-01
1.935335993766784668e+00,2.014887809753417969e+00,1.805555522441864014e-01,3.125000000000000000e-02
1.902863025665283203e+00,1.988293647766113281e+00,2.361111193895339966e-01,9.375000000000000000e-02
1.935215711593627930e+00,2.001077651977539062e+00,1.770833432674407959e-01,9.375000000000000000e-02
1.926173329353332520e+00,2.021891593933105469e+00,2.083333283662796021e-01,6.250000000000000000e-02
1.924534559249877930e+00,1.985327720642089844e+00,1.979166716337203979e-01,1.250000000000000000e-01
1.917159080505371094e+00,1.996600985527038574e+00,1.979166716337203979e-01,3.125000000000000000e-02
1.919859528541564941e+00,2.013475894927978516e+00,1.666666716337203979e-01,6.250000000000000000e-02
1.929528951644897461e+00,1.990995407104492188e+00,1.944444477558135986e-01,1.250000000000000000e-01
1.905957341194152832e+00,1.991854667663574219e+00,2.222222238779067993e-01,9.375000000000000000e-02
1.918752074241638184e+00,2.009482383728027344e+00,2.083333283662796021e-01,6.250000000000000000e-02
1.926012039184570312e+00,1.987092018127441406e+00,1.944444477558135986e-01,1.250000000000000000e-01
1.933390140533447266e+00,1.985484838485717773e+00,1.805555522441864014e-01,9.375000000000000000e-02
1.923662662506103516e+00,1.997791528701782227e+00,1.979166716337203979e-01,9.375000000000000000e-02
1.931133270263671875e+00,1.992908358573913574e+00,2.083333283662796021e-01,9.375000000000000000e-02
1.926930308341979980e+00,1.987429857254028320e+00,2.083333283662796021e-01,9.375000000000000000e-02
1.926095008850097656e+00,1.981444954872131348e+00,1.875000000000000000e-01,9.375000000000000000e-02
1.922501087188720703e+00,2.004780769348144531e+00,1.944444477558135986e-01,9.375000000000000000e-02
1.919227480888366699e+00,2.008749723434448242e+00,2.187500000000000000e-01,6.250000000000000000e-02
1.928738236427307129e+00,2.001052379608154297e+00,1.944444477558135986e-01,9.375000000000000000e-02
1.921439528465270996e+00,2.014267921447753906e+00,2.083333432674407959e-01,6.250000000000000000e-02
1.913148760795593262e+00,2.015609264373779297e+00,2.187500000000000000e-01,6.250000000000000000e-02
1.933164238929748535e+00,1.996458530426025391e+00,1.527777761220932007e-01,6.250000000000000000e-02
1.912723779678344727e+00,2.017747402191162109e+00,2.222222238779067993e-01,6.250000000000000000e-02
1.914269208908081055e+00,2.005451202392578125e+00,2.083333432674407959e-01,6.250000000000000000e-02
1.918454289436340332e+00,1.990638613700866699e+00,2.083333283662796021e-01,9.375000000000000000e-02
1.915446877479553223e+00,1.981519103050231934e+00,2.083333283662796021e-01,1.250000000000000000e-01
1.890846848487854004e+00,2.012685060501098633e+00,2.500000000000000000e-01,9.375000000000000000e-02
1.915670394897460938e+00,2.034832000732421875e+00,2.083333432674407959e-01,6.250000000000000000e-02
1.924691081047058105e+00,2.011659145355224609e+00,1.805555522441864014e-01,6.250000000000000000e-02
1.905540943145751953e+00,1.999758243560791016e+00,2.222222238779067993e-01,9.375000000000000000e-02
1.911466002464294434e+00,2.020935058593750000e+00,2.083333283662796021e-01,6.250000000000000000e-02
1.914909124374389648e+00,2.043956995010375977e+00,1.944444477558135986e-01,3.125000000000000000e-02
1.908403396606445312e+00,2.015931606292724609e+00,1.944444477558135986e-01,9.375000000000000000e-02
1.945099115371704102e+00,2.000594139099121094e+00,1.250000000000000000e-01,9.375000000000000000e-02
1.947095513343811035e+00,1.995010495185852051e+00,1.666666716337203979e-01,9.375000000000000000e-02
1.903314590454101562e+00,1.992073893547058105e+00,2.500000000000000000e-01,9.375000000000000000e-02
1.917914867401123047e+00,1.994394659996032715e+00,1.979166716337203979e-01,9.375000000000000000e-02
1.925528168678283691e+00,2.004603385925292969e+00,1.527777761220932007e-01,9.375000000000000000e-02
1.912346482276916504e+00,1.978508234024047852e+00,2.083333283662796021e-01,1.250000000000000000e-01
