# train_loss,val_loss,train_acc,val_acc
1.697329759597778320e+00,1.654613256454467773e+00,3.670987784862518311e-01,4.034374952316284180e-01
1.654216289520263672e+00,1.667488574981689453e+00,3.843378424644470215e-01,4.025000035762786865e-01
1.645545840263366699e+00,1.650485157966613770e+00,3.864760398864746094e-01,4.012500047683715820e-01
1.644929766654968262e+00,1.659216880798339844e+00,3.864760398864746094e-01,4.015624821186065674e-01
1.642274022102355957e+00,1.643813252449035645e+00,3.860751092433929443e-01,4.028124809265136719e-01
1.642032504081726074e+00,1.660729765892028809e+00,3.866096735000610352e-01,4.015624821186065674e-01
1.642880558967590332e+00,1.653619527816772461e+00,3.864760398864746094e-01,4.028124809265136719e-01
1.642104983329772949e+00,1.662155628204345703e+00,3.864760398864746094e-01,4.021874964237213135e-01
1.642175316810607910e+00,1.648812532424926758e+00,3.856742084026336670e-01,4.018749892711639404e-01
1.639996767044067383e+00,1.653409719467163086e+00,3.862087428569793701e-01,4.021874964237213135e-01
1.640506744384765625e+00,1.642087340354919434e+00,3.860751092433929443e-01,4.009374976158142090e-01
1.642235279083251953e+00,1.650501012802124023e+00,3.862087428569793701e-01,4.018749892711639404e-01
1.638458251953125000e+00,1.649220585823059082e+00,3.864760398864746094e-01,4.025000035762786865e-01
1.640402674674987793e+00,1.650210380554199219e+00,3.863424062728881836e-01,4.018749892711639404e-01
1.639984011650085449e+00,1.655064225196838379e+00,3.866096735000610352e-01,4.028124809265136719e-01
1.638600587844848633e+00,1.643425703048706055e+00,3.866096735000610352e-01,4.018749892711639404e-01
1.639445781707763672e+00,1.639092564582824707e+00,3.864760398864746094e-01,4.025000035762786865e-01
1.640152096748352051e+00,1.644829869270324707e+00,3.863424062728881836e-01,4.028124809265136719e-01
1.639399409294128418e+00,1.646370410919189453e+00,3.856742084026336670e-01,4.012500047683715820e-01
1.639443635940551758e+00,1.641885638236999512e+00,3.862087428569793701e-01,4.028124809265136719e-01
1.639306783676147461e+00,1.646265387535095215e+00,3.858078420162200928e-01,4.025000035762786865e-01
1.637218356132507324e+00,1.640230417251586914e+00,3.867433071136474609e-01,4.021874964237213135e-01
1.638303399085998535e+00,1.641045928001403809e+00,3.860751092433929443e-01,4.025000035762786865e-01
1.639172911643981934e+00,1.641512870788574219e+00,3.858078420162200928e-01,4.031249880790710449e-01
1.638323545455932617e+00,1.641972064971923828e+00,3.862087428569793701e-01,4.028124809265136719e-01
1.639861822128295898e+00,1.641652941703796387e+00,3.862087428569793701e-01,4.025000035762786865e-01
1.637307882308959961e+00,1.645060420036315918e+00,3.860751092433929443e-01,4.025000035762786865e-01
1.637881755828857422e+00,1.642249107360839844e+00,3.859414756298065186e-01,4.025000035762786865e-01
1.638115286827087402e+00,1.648217678070068359e+00,3.863424062728881836e-01,4.009374976158142090e-01
1.638987064361572266e+00,1.640519857406616211e+00,3.862087428569793701e-01,4.018749892711639404e-01
1.637365460395812988e+00,1.643411636352539062e+00,3.864760398864746094e-01,4.025000035762786865e-01
1.638420820236206055e+00,1.644439220428466797e+00,3.863424062728881836e-01,4.021874964237213135e-01
1.637423753738403320e+00,1.638995170593261719e+00,3.862087428569793701e-01,4.034374952316284180e-01
1.637394905090332031e+00,1.645743012428283691e+00,3.863424062728881836e-01,4.021874964237213135e-01
1.637620329856872559e+00,1.642675280570983887e+00,3.867433071136474609e-01,4.021874964237213135e-01
1.638285756111145020e+00,1.645718455314636230e+00,3.858078420162200928e-01,4.018749892711639404e-01
1.637645959854125977e+00,1.643596172332763672e+00,3.860751092433929443e-01,4.015624821186065674e-01
1.636512279510498047e+00,1.634335041046142578e+00,3.866096735000610352e-01,4.018749892711639404e-01
1.637464046478271484e+00,1.644529938697814941e+00,3.863424062728881836e-01,4.018749892711639404e-01
1.636574625968933105e+00,1.634377241134643555e+00,3.864760398864746094e-01,4.028124809265136719e-01
1.638924837112426758e+00,1.647975087165832520e+00,3.858078420162200928e-01,4.021874964237213135e-01
1.636704206466674805e+00,1.635844111442565918e+00,3.860751092433929443e-01,4.028124809265136719e-01
1.637658715248107910e+00,1.648694157600402832e+00,3.868769407272338867e-01,4.021874964237213135e-01
1.638392448425292969e+00,1.636307835578918457e+00,3.859508633613586426e-01,4.025000035762786865e-01
1.638092160224914551e+00,1.646442174911499023e+00,3.864760398864746094e-01,4.015624821186065674e-01
1.635953068733215332e+00,1.637012600898742676e+00,3.862087428569793701e-01,4.025000035762786865e-01
1.637584209442138672e+00,1.639586329460144043e+00,3.863424062728881836e-01,4.031249880790710449e-01
1.638423442840576172e+00,1.636843562126159668e+00,3.858078420162200928e-01,4.028124809265136719e-01
1.637372612953186035e+00,1.646899104118347168e+00,3.860751092433929443e-01,4.025000035762786865e-01
1.638410568237304688e+00,1.634385943412780762e+00,3.866096735000610352e-01,4.025000035762786865e-01
1.637783050537109375e+00,1.636489987373352051e+00,3.868769407272338867e-01,4.025000035762786865e-01
1.637029767036437988e+00,1.641826391220092773e+00,3.864760398864746094e-01,4.018749892711639404e-01
1.636236071586608887e+00,1.647408366203308105e+00,3.866096735000610352e-01,4.018749892711639404e-01
1.636405229568481445e+00,1.640669107437133789e+00,3.863424062728881836e-01,4.015624821186065674e-01
1.635545492172241211e+00,1.641678333282470703e+00,3.863424062728881836e-01,4.028124809265136719e-01
1.636022210121154785e+00,1.638891220092773438e+00,3.858078420162200928e-01,4.028124809265136719e-01
1.637156009674072266e+00,1.637634873390197754e+00,3.870105743408203125e-01,4.031249880790710449e-01
1.636391282081604004e+00,1.636520624160766602e+00,3.867433071136474609e-01,4.031249880790710449e-01
1.635890603065490723e+00,1.638572096824645996e+00,3.867433071136474609e-01,4.012500047683715820e-01
1.636288046836853027e+00,1.634251475334167480e+00,3.864760398864746094e-01,4.031249880790710449e-01
1.637884736061096191e+00,1.643446564674377441e+00,3.860751092433929443e-01,4.028124809265136719e-01
1.637820959091186523e+00,1.639414906501770020e+00,3.858078420162200928e-01,4.015624821186065674e-01
1.636751532554626465e+00,1.643424510955810547e+00,3.870105743408203125e-01,4.018749892711639404e-01
1.636645078659057617e+00,1.643228769302368164e+00,3.863424062728881836e-01,4.012500047683715820e-01
1.635476589202880859e+00,1.638577222824096680e+00,3.870105743408203125e-01,4.037500023841857910e-01
1.636598706245422363e+00,1.638501644134521484e+00,3.864760398864746094e-01,4.025000035762786865e-01
1.636667013168334961e+00,1.638376474380493164e+00,3.871442079544067383e-01,4.031249880790710449e-01
1.637225270271301270e+00,1.640135169029235840e+00,3.856742084026336670e-01,4.021874964237213135e-01
1.636109709739685059e+00,1.643786072731018066e+00,3.860751092433929443e-01,4.031249880790710449e-01
1.636466026306152344e+00,1.637647032737731934e+00,3.862087428569793701e-01,4.012500047683715820e-01
1.636793375015258789e+00,1.638966917991638184e+00,3.866096735000610352e-01,4.031249880790710449e-01
1.637221693992614746e+00,1.640257477760314941e+00,3.862087428569793701e-01,4.028124809265136719e-01
1.637100577354431152e+00,1.642466425895690918e+00,3.862087428569793701e-01,4.028124809265136719e-01
1.637149095535278320e+00,1.643535137176513672e+00,3.863424062728881836e-01,4.018749892711639404e-01
1.635986089706420898e+00,1.643678069114685059e+00,3.862087428569793701e-01,4.021874964237213135e-01
1.635926246643066406e+00,1.641508340835571289e+00,3.867433071136474609e-01,4.021874964237213135e-01
1.634759664535522461e+00,1.634068250656127930e+00,3.864760398864746094e-01,4.021874964237213135e-01
1.636576771736145020e+00,1.639399051666259766e+00,3.860751092433929443e-01,4.028124809265136719e-01
1.635719060897827148e+00,1.635821700096130371e+00,3.863424062728881836e-01,4.025000035762786865e-01
1.637434840202331543e+00,1.639009356498718262e+00,3.862087428569793701e-01,4.028124809265136719e-01
1.636796116828918457e+00,1.638180375099182129e+00,3.862087428569793701e-01,4.025000035762786865e-01
1.637732148170471191e+00,1.636933565139770508e+00,3.856742084026336670e-01,4.025000035762786865e-01
1.636752367019653320e+00,1.636717796325683594e+00,3.864760398864746094e-01,4.021874964237213135e-01
1.637340903282165527e+00,1.642947077751159668e+00,3.855405747890472412e-01,4.025000035762786865e-01
1.636747837066650391e+00,1.639067649841308594e+00,3.864760398864746094e-01,4.031249880790710449e-01
1.637340068817138672e+00,1.638294935226440430e+00,3.863424062728881836e-01,4.028124809265136719e-01
1.636116266250610352e+00,1.639102935791015625e+00,3.860751092433929443e-01,4.015624821186065674e-01
1.635671854019165039e+00,1.639105439186096191e+00,3.864760398864746094e-01,4.021874964237213135e-01
1.635103344917297363e+00,1.642466187477111816e+00,3.866096735000610352e-01,4.028124809265136719e-01
1.636732459068298340e+00,1.641593098640441895e+00,3.860751092433929443e-01,4.015624821186065674e-01
1.636082887649536133e+00,1.631921052932739258e+00,3.866096735000610352e-01,4.028124809265136719e-01
1.636154294013977051e+00,1.638969063758850098e+00,3.864760398864746094e-01,4.028124809265136719e-01
1.636603832244873047e+00,1.636397361755371094e+00,3.860751092433929443e-01,4.018749892711639404e-01
1.636541604995727539e+00,1.640079021453857422e+00,3.864760398864746094e-01,4.025000035762786865e-01
1.636869072914123535e+00,1.632780671119689941e+00,3.867433071136474609e-01,4.021874964237213135e-01
1.636632442474365234e+00,1.640346169471740723e+00,3.856742084026336670e-01,4.025000035762786865e-01
1.637260913848876953e+00,1.632638931274414062e+00,3.858078420162200928e-01,4.025000035762786865e-01
1.636889100074768066e+00,1.634430170059204102e+00,3.860751092433929443e-01,4.021874964237213135e-01
1.635840296745300293e+00,1.634744048118591309e+00,3.864760398864746094e-01,4.028124809265136719e-01
1.636762976646423340e+00,1.637968420982360840e+00,3.854069411754608154e-01,4.028124809265136719e-01
1.636833548545837402e+00,1.638983011245727539e+00,3.859414756298065186e-01,4.018749892711639404e-01
1.636917948722839355e+00,1.636166930198669434e+00,3.860751092433929443e-01,4.012500047683715820e-01
1.635435104370117188e+00,1.639564752578735352e+00,3.863424062728881836e-01,4.031249880790710449e-01
1.636539578437805176e+00,1.637455463409423828e+00,3.863424062728881836e-01,4.012500047683715820e-01
1.635341882705688477e+00,1.637954473495483398e+00,3.868769407272338867e-01,4.012500047683715820e-01
1.635527133941650391e+00,1.632685184478759766e+00,3.866096735000610352e-01,4.025000035762786865e-01
1.635440111160278320e+00,1.640807628631591797e+00,3.868769407272338867e-01,4.021874964237213135e-01
1.636657118797302246e+00,1.641119480133056641e+00,3.863424062728881836e-01,4.018749892711639404e-01
1.635984897613525391e+00,1.632202744483947754e+00,3.859414756298065186e-01,4.025000035762786865e-01
1.635470509529113770e+00,1.638005375862121582e+00,3.866096735000610352e-01,4.025000035762786865e-01
1.636118412017822266e+00,1.637520909309387207e+00,3.864760398864746094e-01,4.028124809265136719e-01
1.636775970458984375e+00,1.632988810539245605e+00,3.867433071136474609e-01,4.025000035762786865e-01
1.636412858963012695e+00,1.637489914894104004e+00,3.862087428569793701e-01,4.025000035762786865e-01
1.635354042053222656e+00,1.632731556892395020e+00,3.862087428569793701e-01,4.021874964237213135e-01
1.635734200477600098e+00,1.633371591567993164e+00,3.867433071136474609e-01,4.025000035762786865e-01
1.636946439743041992e+00,1.634258389472961426e+00,3.863424062728881836e-01,4.031249880790710449e-01
1.637138962745666504e+00,1.636722207069396973e+00,3.859414756298065186e-01,4.021874964237213135e-01
1.636345267295837402e+00,1.634415984153747559e+00,3.862087428569793701e-01,4.028124809265136719e-01
1.635673403739929199e+00,1.637522816658020020e+00,3.863424062728881836e-01,4.018749892711639404e-01
1.636124134063720703e+00,1.635406970977783203e+00,3.864760398864746094e-01,4.015624821186065674e-01
1.635992169380187988e+00,1.631590723991394043e+00,3.860751092433929443e-01,4.025000035762786865e-01
1.636284232139587402e+00,1.637930274009704590e+00,3.862087428569793701e-01,4.021874964237213135e-01
1.636311531066894531e+00,1.639783382415771484e+00,3.864760398864746094e-01,4.015624821186065674e-01
1.635971546173095703e+00,1.636342167854309082e+00,3.863424062728881836e-01,4.018749892711639404e-01
1.636887907981872559e+00,1.635406494140625000e+00,3.858078420162200928e-01,4.034374952316284180e-01
1.635830879211425781e+00,1.635522723197937012e+00,3.864760398864746094e-01,4.028124809265136719e-01
1.636373758316040039e+00,1.634827256202697754e+00,3.863515257835388184e-01,4.021874964237213135e-01
1.636909246444702148e+00,1.633876919746398926e+00,3.859414756298065186e-01,4.028124809265136719e-01
1.636515140533447266e+00,1.633727669715881348e+00,3.867433071136474609e-01,4.028124809265136719e-01
1.636530995368957520e+00,1.634053707122802734e+00,3.860751092433929443e-01,4.025000035762786865e-01
1.635811567306518555e+00,1.633878707885742188e+00,3.868769407272338867e-01,4.018749892711639404e-01
1.636673927307128906e+00,1.637749314308166504e+00,3.863424062728881836e-01,4.021874964237213135e-01
1.636332035064697266e+00,1.634532570838928223e+00,3.864760398864746094e-01,4.025000035762786865e-01
1.635831117630004883e+00,1.639954209327697754e+00,3.858078420162200928e-01,4.034374952316284180e-01
1.635687351226806641e+00,1.636149883270263672e+00,3.864760398864746094e-01,4.028124809265136719e-01
1.635468482971191406e+00,1.636108517646789551e+00,3.860751092433929443e-01,4.025000035762786865e-01
1.635854482650756836e+00,1.637159585952758789e+00,3.864760398864746094e-01,4.025000035762786865e-01
1.636439681053161621e+00,1.637413144111633301e+00,3.858078420162200928e-01,4.021874964237213135e-01
1.634557723999023438e+00,1.636311888694763184e+00,3.870105743408203125e-01,4.028124809265136719e-01
1.636002302169799805e+00,1.632864832878112793e+00,3.859414756298065186e-01,4.040624797344207764e-01
