# train_loss,val_loss,train_acc,val_acc
1.694179296493530273e+00,1.623791337013244629e+00,3.801951110363006592e-01,4.025000035762786865e-01
1.639700651168823242e+00,1.626577377319335938e+00,3.863424062728881836e-01,4.021874964237213135e-01
1.639765262603759766e+00,1.622651815414428711e+00,3.866096735000610352e-01,4.018749892711639404e-01
1.640198826789855957e+00,1.623126506805419922e+00,3.863424062728881836e-01,4.018749892711639404e-01
1.639398574829101562e+00,1.621254086494445801e+00,3.867433071136474609e-01,4.021874964237213135e-01
1.639092206954956055e+00,1.622017741203308105e+00,3.864760398864746094e-01,4.018749892711639404e-01
1.639047622680664062e+00,1.619425177574157715e+00,3.860751092433929443e-01,4.025000035762786865e-01
1.638419389724731445e+00,1.621008753776550293e+00,3.860751092433929443e-01,4.018749892711639404e-01
1.637117028236389160e+00,1.621443152427673340e+00,3.867433071136474609e-01,4.028124809265136719e-01
1.638123750686645508e+00,1.621803402900695801e+00,3.863424062728881836e-01,4.028124809265136719e-01
1.637694358825683594e+00,1.619526982307434082e+00,3.860751092433929443e-01,4.021874964237213135e-01
1.638355493545532227e+00,1.619984507560729980e+00,3.866096735000610352e-01,4.025000035762786865e-01
1.637690544128417969e+00,1.616244912147521973e+00,3.863424062728881836e-01,4.034374952316284180e-01
1.637711286544799805e+00,1.619885802268981934e+00,3.862087428569793701e-01,4.021874964237213135e-01
1.637364983558654785e+00,1.621727228164672852e+00,3.863424062728881836e-01,4.021874964237213135e-01
1.636965155601501465e+00,1.618820905685424805e+00,3.866096735000610352e-01,4.018749892711639404e-01
1.636263847351074219e+00,1.619263172149658203e+00,3.868769407272338867e-01,4.018749892711639404e-01
1.636739134788513184e+00,1.618358016014099121e+00,3.863424062728881836e-01,4.021874964237213135e-01
1.635797739028930664e+00,1.620606780052185059e+00,3.871442079544067383e-01,4.025000035762786865e-01
1.637152433395385742e+00,1.621836662292480469e+00,3.863424062728881836e-01,4.009374976158142090e-01
1.636049270629882812e+00,1.618387579917907715e+00,3.868769407272338867e-01,4.028124809265136719e-01
1.637086749076843262e+00,1.619497776031494141e+00,3.864760398864746094e-01,4.018749892711639404e-01
1.636302113533020020e+00,1.620729446411132812e+00,3.870105743408203125e-01,4.015624821186065674e-01
1.636967658996582031e+00,1.618707656860351562e+00,3.863424062728881836e-01,4.025000035762786865e-01
1.637217640876770020e+00,1.618157267570495605e+00,3.863424062728881836e-01,4.025000035762786865e-01
1.637214303016662598e+00,1.620180726051330566e+00,3.862087428569793701e-01,4.018749892711639404e-01
1.637355566024780273e+00,1.619206786155700684e+00,3.858078420162200928e-01,4.021874964237213135e-01
1.636531233787536621e+00,1.618051528930664062e+00,3.862087428569793701e-01,4.025000035762786865e-01
1.636639714241027832e+00,1.618179440498352051e+00,3.860751092433929443e-01,4.025000035762786865e-01
1.637424588203430176e+00,1.618841648101806641e+00,3.860751092433929443e-01,4.021874964237213135e-01
1.636049628257751465e+00,1.618807911872863770e+00,3.866096735000610352e-01,4.018749892711639404e-01
1.637000441551208496e+00,1.618375658988952637e+00,3.859414756298065186e-01,4.028124809265136719e-01
1.637611031532287598e+00,1.618567109107971191e+00,3.854069411754608154e-01,4.028124809265136719e-01
1.635715603828430176e+00,1.620123982429504395e+00,3.866096735000610352e-01,4.021874964237213135e-01
1.636724472045898438e+00,1.619988799095153809e+00,3.864760398864746094e-01,4.018749892711639404e-01
1.636198282241821289e+00,1.620222926139831543e+00,3.866096735000610352e-01,4.015624821186065674e-01
1.636976599693298340e+00,1.617089033126831055e+00,3.856742084026336670e-01,4.018749892711639404e-01
1.636628985404968262e+00,1.621801972389221191e+00,3.863424062728881836e-01,4.009374976158142090e-01
1.635338783264160156e+00,1.618766427040100098e+00,3.863424062728881836e-01,4.012500047683715820e-01
1.636817216873168945e+00,1.619058489799499512e+00,3.856742084026336670e-01,4.025000035762786865e-01
1.636235475540161133e+00,1.620084524154663086e+00,3.864760398864746094e-01,4.012500047683715820e-01
1.637209534645080566e+00,1.618239402770996094e+00,3.852733075618743896e-01,4.025000035762786865e-01
1.635750770568847656e+00,1.618785381317138672e+00,3.862087428569793701e-01,4.015624821186065674e-01
1.635967612266540527e+00,1.618771910667419434e+00,3.864760398864746094e-01,4.025000035762786865e-01
1.636967301368713379e+00,1.618726611137390137e+00,3.858078420162200928e-01,4.021874964237213135e-01
1.635696887969970703e+00,1.616403818130493164e+00,3.864760398864746094e-01,4.021874964237213135e-01
1.636890411376953125e+00,1.616329908370971680e+00,3.858078420162200928e-01,4.034374952316284180e-01
1.635038733482360840e+00,1.619167327880859375e+00,3.868769407272338867e-01,4.009374976158142090e-01
1.635819911956787109e+00,1.617609858512878418e+00,3.868769407272338867e-01,4.021874964237213135e-01
1.635960698127746582e+00,1.616955280303955078e+00,3.866096735000610352e-01,4.021874964237213135e-01
1.635773420333862305e+00,1.618241786956787109e+00,3.858078420162200928e-01,4.025000035762786865e-01
1.635714769363403320e+00,1.616928219795227051e+00,3.863424062728881836e-01,4.034374952316284180e-01
1.635886311531066895e+00,1.619210362434387207e+00,3.866096735000610352e-01,4.018749892711639404e-01
1.636002182960510254e+00,1.616795897483825684e+00,3.862087428569793701e-01,4.034374952316284180e-01
1.636179924011230469e+00,1.616936206817626953e+00,3.858078420162200928e-01,4.034374952316284180e-01
1.635627031326293945e+00,1.616991043090820312e+00,3.863424062728881836e-01,4.028124809265136719e-01
1.635684609413146973e+00,1.618642687797546387e+00,3.862087428569793701e-01,4.025000035762786865e-01
1.635534048080444336e+00,1.618530035018920898e+00,3.863424062728881836e-01,4.018749892711639404e-01
1.635857582092285156e+00,1.616887211799621582e+00,3.858078420162200928e-01,4.025000035762786865e-01
1.636418104171752930e+00,1.618277668952941895e+00,3.862087428569793701e-01,4.025000035762786865e-01
1.636197328567504883e+00,1.618205785751342773e+00,3.860751092433929443e-01,4.021874964237213135e-01
1.634003996849060059e+00,1.617656230926513672e+00,3.870105743408203125e-01,4.031249880790710449e-01
1.636313080787658691e+00,1.618070602416992188e+00,3.862087428569793701e-01,4.031249880790710449e-01
1.635971546173095703e+00,1.618454098701477051e+00,3.862087428569793701e-01,4.018749892711639404e-01
1.635730862617492676e+00,1.618403434753417969e+00,3.866096735000610352e-01,4.021874964237213135e-01
1.635697960853576660e+00,1.616714596748352051e+00,3.862087428569793701e-01,4.034374952316284180e-01
1.635678172111511230e+00,1.618524909019470215e+00,3.864760398864746094e-01,4.021874964237213135e-01
1.634607553482055664e+00,1.618731975555419922e+00,3.870105743408203125e-01,4.021874964237213135e-01
1.635091781616210938e+00,1.616605281829833984e+00,3.864760398864746094e-01,4.025000035762786865e-01
1.636489987373352051e+00,1.618428587913513184e+00,3.862087428569793701e-01,4.015624821186065674e-01
1.635771751403808594e+00,1.619476914405822754e+00,3.864760398864746094e-01,4.021874964237213135e-01
1.635786056518554688e+00,1.619015574455261230e+00,3.864760398864746094e-01,4.009374976158142090e-01
1.635999321937561035e+00,1.619654655456542969e+00,3.867433071136474609e-01,4.012500047683715820e-01
1.636416912078857422e+00,1.617932677268981934e+00,3.862087428569793701e-01,4.021874964237213135e-01
1.635078907012939453e+00,1.616579651832580566e+00,3.863424062728881836e-01,4.018749892711639404e-01
1.634005188941955566e+00,1.618413805961608887e+00,3.870105743408203125e-01,4.015624821186065674e-01
1.635870218276977539e+00,1.618101954460144043e+00,3.863424062728881836e-01,4.025000035762786865e-01
1.635663747787475586e+00,1.618538141250610352e+00,3.862087428569793701e-01,4.021874964237213135e-01
1.635497808456420898e+00,1.619675159454345703e+00,3.859414756298065186e-01,4.012500047683715820e-01
1.635534644126892090e+00,1.618259668350219727e+00,3.863424062728881836e-01,4.025000035762786865e-01
1.635153174400329590e+00,1.619280099868774414e+00,3.864760398864746094e-01,4.021874964237213135e-01
1.635497808456420898e+00,1.616436243057250977e+00,3.862087428569793701e-01,4.025000035762786865e-01
1.636070370674133301e+00,1.619705915451049805e+00,3.854069411754608154e-01,4.021874964237213135e-01
1.635632753372192383e+00,1.619308590888977051e+00,3.867433071136474609e-01,4.015624821186065674e-01
1.634631156921386719e+00,1.619344472885131836e+00,3.864760398864746094e-01,4.012500047683715820e-01
1.635354876518249512e+00,1.615776300430297852e+00,3.867433071136474609e-01,4.031249880790710449e-01
1.635947823524475098e+00,1.617443084716796875e+00,3.862087428569793701e-01,4.028124809265136719e-01
1.636017203330993652e+00,1.620184540748596191e+00,3.864760398864746094e-01,4.015624821186065674e-01
1.635672211647033691e+00,1.617988824844360352e+00,3.859414756298065186e-01,4.025000035762786865e-01
1.635721802711486816e+00,1.619077920913696289e+00,3.863424062728881836e-01,4.018749892711639404e-01
1.635615944862365723e+00,1.619099378585815430e+00,3.860751092433929443e-01,4.025000035762786865e-01
1.636255502700805664e+00,1.619536519050598145e+00,3.856742084026336670e-01,4.015624821186065674e-01
1.635401368141174316e+00,1.618342995643615723e+00,3.864760398864746094e-01,4.021874964237213135e-01
1.634734034538269043e+00,1.618043184280395508e+00,3.866096735000610352e-01,4.018749892711639404e-01
1.635344982147216797e+00,1.618214488029479980e+00,3.866096735000610352e-01,4.025000035762786865e-01
1.635448098182678223e+00,1.616338968276977539e+00,3.864760398864746094e-01,4.031249880790710449e-01
1.636351346969604492e+00,1.617607116699218750e+00,3.859414756298065186e-01,4.025000035762786865e-01
1.636216878890991211e+00,1.617807149887084961e+00,3.859414756298065186e-01,4.021874964237213135e-01
1.635995030403137207e+00,1.619256496429443359e+00,3.864760398864746094e-01,4.015624821186065674e-01
1.635712265968322754e+00,1.618167519569396973e+00,3.860751092433929443e-01,4.018749892711639404e-01
1.634780526161193848e+00,1.617355108261108398e+00,3.874114751815795898e-01,4.034374952316284180e-01
1.636521697044372559e+00,1.617909312248229980e+00,3.856742084026336670e-01,4.018749892711639404e-01
1.634575009346008301e+00,1.617693305015563965e+00,3.863424062728881836e-01,4.018749892711639404e-01
1.635609388351440430e+00,1.618960499763488770e+00,3.862087428569793701e-01,4.018749892711639404e-01
1.634929299354553223e+00,1.619079351425170898e+00,3.862087428569793701e-01,4.009374976158142090e-01
1.635877609252929688e+00,1.619898200035095215e+00,3.862087428569793701e-01,4.009374976158142090e-01
1.634706616401672363e+00,1.617681860923767090e+00,3.867433071136474609e-01,4.034374952316284180e-01
1.635893821716308594e+00,1.617583155632019043e+00,3.862087428569793701e-01,4.021874964237213135e-01
1.635547161102294922e+00,1.620704174041748047e+00,3.863424062728881836e-01,4.003124833106994629e-01
1.635507345199584961e+00,1.618622422218322754e+00,3.858078420162200928e-01,4.015624821186065674e-01
1.634805798530578613e+00,1.619960427284240723e+00,3.866096735000610352e-01,4.006249904632568359e-01
1.635865211486816406e+00,1.618299961090087891e+00,3.858078420162200928e-01,4.015624821186065674e-01
1.636179447174072266e+00,1.617986083030700684e+00,3.859414756298065186e-01,4.015624821186065674e-01
1.635645508766174316e+00,1.619281172752380371e+00,3.863424062728881836e-01,4.018749892711639404e-01
1.635100126266479492e+00,1.619092822074890137e+00,3.862087428569793701e-01,4.018749892711639404e-01
1.635717034339904785e+00,1.618465900421142578e+00,3.859414756298065186e-01,4.021874964237213135e-01
1.635731577873229980e+00,1.618122816085815430e+00,3.866096735000610352e-01,4.021874964237213135e-01
1.635016441345214844e+00,1.618660807609558105e+00,3.864760398864746094e-01,4.025000035762786865e-01
1.635913133621215820e+00,1.618531107902526855e+00,3.860751092433929443e-01,4.021874964237213135e-01
1.635829925537109375e+00,1.618348598480224609e+00,3.856742084026336670e-01,4.018749892711639404e-01
1.634898185729980469e+00,1.618651509284973145e+00,3.868769407272338867e-01,4.018749892711639404e-01
1.635177850723266602e+00,1.618875026702880859e+00,3.866096735000610352e-01,4.021874964237213135e-01
1.635724186897277832e+00,1.618757843971252441e+00,3.863424062728881836e-01,4.025000035762786865e-01
1.635101556777954102e+00,1.616835594177246094e+00,3.867433071136474609e-01,4.034374952316284180e-01
1.635433435440063477e+00,1.618239402770996094e+00,3.863424062728881836e-01,4.025000035762786865e-01
1.635840773582458496e+00,1.618310213088989258e+00,3.860751092433929443e-01,4.025000035762786865e-01
1.635465025901794434e+00,1.617290616035461426e+00,3.863424062728881836e-01,4.028124809265136719e-01
1.635189175605773926e+00,1.618530392646789551e+00,3.864760398864746094e-01,4.018749892711639404e-01
1.635362386703491211e+00,1.618568539619445801e+00,3.866096735000610352e-01,4.018749892711639404e-01
1.635092139244079590e+00,1.616919636726379395e+00,3.864760398864746094e-01,4.034374952316284180e-01
1.635513782501220703e+00,1.618694901466369629e+00,3.862087428569793701e-01,4.021874964237213135e-01
1.636297583580017090e+00,1.617576718330383301e+00,3.859414756298065186e-01,4.021874964237213135e-01
1.635307073593139648e+00,1.617696285247802734e+00,3.867433071136474609e-01,4.028124809265136719e-01
1.635935902595520020e+00,1.618849873542785645e+00,3.860751092433929443e-01,4.021874964237213135e-01
1.635533332824707031e+00,1.617535710334777832e+00,3.863424062728881836e-01,4.025000035762786865e-01
1.636631608009338379e+00,1.618268847465515137e+00,3.854069411754608154e-01,4.025000035762786865e-01
1.635274887084960938e+00,1.618700623512268066e+00,3.862087428569793701e-01,4.015624821186065674e-01
1.635157704353332520e+00,1.617639541625976562e+00,3.867433071136474609e-01,4.028124809265136719e-01
1.634674191474914551e+00,1.615697860717773438e+00,3.868769407272338867e-01,4.031249880790710449e-01
1.635202765464782715e+00,1.618055105209350586e+00,3.862087428569793701e-01,4.028124809265136719e-01
